ind_101 0 0 0 0 2 0 0 0 0 0 2 2 2 2 2 0 0 0 1 0 2 2 2 1 1 1 2 0 1 1 1 0 0 0 0 0 1 1 1 0 0 0 0 0 1 2 2 0 2 2 2 0 0 0 2 1 0 0 0 0 1 0 0 1 2 2 0 0 0 1 0 1 1 0 2 2 1 1 2 0 2 0 1 2 0 1 1 0 1 0 0 0 1 1 0 2 1 2 0 2 1 1 0 0 1 0 1 1 1 1 0 0 1 1 2 1 0 1 1 1 2 0 2 0 0 2 1 0 0 0 0 2 2 2 2 0 0 0 1 0 0 2 0 2 0 2 0 0 1 1 2 0 1 1 0 0 0 0 0 1 2 1 0 2 1 1 2 2 2 1 2 0 1 0 2 1 2 0 0 0 0 0 1 0 1 0 1 2 0 0 0 2 0 0 1 1 0 0 1 0
ind_102 0 1 0 0 1 0 1 0 0 0 2 2 1 2 2 0 0 0 1 0 2 2 2 2 1 1 1 1 0 0 0 0 0 1 0 0 0 1 1 1 0 0 0 0 1 2 2 0 0 2 2 0 0 1 2 1 0 0 1 0 1 0 0 2 1 1 0 0 0 0 0 2 0 0 2 1 1 1 2 0 1 1 1 1 1 1 2 1 1 0 1 0 2 0 0 2 1 1 1 1 0 1 0 0 0 0 0 2 1 1 0 0 0 1 1 2 1 2 1 2 1 0 1 0 1 1 2 1 1 0 0 1 1 1 1 0 0 0 1 0 1 1 0 1 1 1 1 0 1 1 1 1 2 0 1 1 0 1 0 2 0 2 0 1 1 0 2 1 2 1 0 0 1 2 1 1 1 1 1 0 0 2 2 0 1 1 2 2 0 0 1 2 0 1 2 2 0 0 0 0
ind_103 0 1 0 0 0 0 2 0 0 0 2 2 1 1 1 0 1 0 0 0 2 2 1 2 2 0 0 1 1 0 0 0 0 1 1 0 1 0 1 0 1 0 1 0 2 1 2 0 1 1 2 0 1 0 2 0 0 0 1 1 0 0 0 1 2 0 1 1 1 2 0 2 0 0 2 1 1 1 1 0 0 1 1 1 0 1 1 0 1 0 0 0 0 1 1 2 1 2 1 1 0 1 0 0 1 0 0 2 0 2 1 0 0 1 2 0 0 1 1 2 1 1 2 0 1 1 2 1 0 0 0 2 2 0 1 0 0 0 1 0 1 2 0 1 0 2 0 1 2 1 0 0 0 0 2 1 0 1 0 0 0 1 0 1 1 1 1 2 2 0 2 1 1 2 1 2 1 1 2 0 0 1 0 1 1 0 0 2 0 0 0 1 1 0 2 1 0 0 0 0
ind_104 0 1 1 0 0 1 1 1 0 1 2 1 2 2 2 0 2 0 0 0 2 2 1 2 0 0 1 0 1 1 1 0 0 1 1 1 1 0 2 1 1 1 0 0 2 2 1 0 0 1 2 0 1 0 2 0 1 0 2 0 1 0 0 1 2 0 0 0 0 0 0 2 0 0 1 1 0 0 2 0 0 0 0 1 0 1 1 0 2 1 1 0 2 0 0 2 1 1 1 1 0 1 0 0 0 0 0 2 0 1 1 0 0 0 1 1 2 2 0 2 1 1 1 0 0 2 1 0 0 0 0 2 2 2 2 0 0 0 2 0 0 1 0 1 1 1 0 0 1 1 1 0 2 0 0 1 1 1 0 1 1 1 0 2 1 0 1 1 1 1 0 0 0 1 1 0 1 0 2 1 0 2 1 0 1 1 1 2 0 0 1 2 0 0 1 1 1 0 0 0
ind_105 0 1 0 0 0 0 1 0 0 0 2 1 2 1 1 0 1 0 0 1 2 2 1 2 2 1 0 1 1 1 1 0 0 1 1 0 2 1 1 1 1 0 1 0 2 2 2 1 0 1 2 0 2 0 2 0 0 0 2 1 1 0 0 1 2 1 1 0 0 1 1 1 0 1 2 2 1 2 1 0 0 0 0 1 1 1 1 1 0 0 0 0 1 1 1 2 1 2 1 0 1 1 0 1 1 1 0 2 2 1 0 0 0 1 1 2 1 2 1 1 2 0 1 1 1 1 1 1 1 0 0 1 1 2 2 1 0 0 1 2 1 2 0 1 1 1 0 1 1 0 1 1 1 0 0 0 1 1 0 0 2 0 0 2 1 0 1 1 1 1 2 0 1 0 2 2 1 0 1 0 1 0 1 0 2 0 2 2 0 0 2 2 0 0 0 2 0 0 1 0
ind_106 0 2 2 1 0 0 1 0 0 0 2 1 1 0 1 0 0 0 0 0 1 1 2 0 1 0 0 1 0 1 2 0 1 1 0 1 0 0 2 1 0 1 0 0 1 2 2 0 0 1 1 0 1 0 2 1 0 1 1 1 1 0 0 2 2 1 0 0 0 0 0 1 1 0 2 2 2 1 2 0 2 1 1 1 1 1 1 0 1 1 0 0 1 1 1 2 0 2 0 2 0 1 1 0 1 0 1 1 1 1 0 0 1 2 2 1 0 2 0 1 2 0 2 0 0 2 0 0 0 0 0 1 1 1 1 0 0 0 2 0 0 2 0 1 1 1 0 0 2 0 1 1 2 1 1 0 0 1 0 0 2 1 1 2 0 1 2 1 2 0 1 0 1 1 2 1 2 0 1 1 0 0 1 0 1 0 1 2 0 0 0 2 0 0 1 1 0 0 1 0
ind_107 0 1 0 0 1 1 1 0 0 0 2 1 2 1 1 0 0 0 1 0 2 2 2 1 1 1 2 0 1 1 1 0 0 0 0 0 1 1 1 0 0 0 0 0 1 2 2 0 2 2 2 0 1 0 2 1 0 0 0 0 1 0 0 1 2 1 0 0 0 1 0 1 1 0 2 2 2 2 2 0 2 1 1 1 1 1 1 0 1 1 0 0 1 1 0 2 0 2 0 2 0 2 0 0 1 0 1 0 2 1 0 0 1 2 1 2 1 2 0 1 1 0 2 0 0 2 1 0 0 0 0 2 2 2 2 0 0 0 2 0 0 2 1 2 1 1 0 0 2 1 1 0 1 1 1 0 0 0 1 0 1 1 0 1 1 1 1 2 2 0 2 0 2 0 2 0 1 0 0 1 0 0 0 1 0 0 2 2 1 0 1 2 0 0 1 2 0 0 1 0
ind_108 0 0 1 0 0 1 1 1 0 1 2 0 2 2 2 0 1 0 1 0 2 2 1 2 0 0 0 0 0 1 1 1 0 2 1 1 0 0 2 1 0 1 1 0 2 2 2 0 0 2 2 0 1 0 2 1 1 1 1 1 0 0 0 1 2 0 0 0 0 1 0 2 0 0 1 1 1 1 2 0 1 2 1 2 0 1 0 0 1 1 1 0 1 1 0 1 0 2 0 2 0 2 0 0 2 0 0 1 0 1 1 0 1 0 1 1 1 1 1 2 2 0 2 0 0 2 2 0 0 0 0 2 2 1 1 0 0 0 0 0 1 2 1 1 0 2 0 1 2 1 0 0 0 0 2 0 0 1 1 0 0 1 0 1 2 1 1 2 2 0 2 0 2 0 2 0 0 0 0 1 0 2 0 0 2 0 2 2 0 0 1 2 0 1 1 2 0 0 1 0
ind_109 0 2 2 1 0 1 0 1 1 0 2 2 2 1 1 0 1 0 0 0 1 2 1 0 2 0 1 0 1 1 1 1 0 1 1 0 1 0 2 0 0 0 1 0 1 2 1 0 0 2 2 1 2 0 2 0 1 1 1 0 0 0 1 1 2 0 1 0 0 1 0 1 0 1 2 1 0 0 2 0 1 0 1 2 0 1 1 0 1 0 0 0 0 1 0 2 2 1 0 2 1 1 0 0 2 0 0 2 0 2 0 0 0 1 2 0 0 1 1 2 1 1 2 0 0 2 2 0 0 0 0 1 1 1 2 2 0 0 1 0 0 1 0 1 0 1 0 0 2 0 2 1 0 0 0 2 0 1 1 1 2 2 0 1 2 0 1 2 2 0 2 0 2 0 2 1 1 0 1 0 0 0 0 0 1 0 2 2 0 0 1 1 1 0 1 1 0 1 0 0
ind_110 0 2 1 0 0 1 2 0 0 0 2 1 1 0 1 0 0 0 0 0 1 1 2 0 2 0 1 0 1 1 1 0 0 0 0 0 1 1 1 0 0 0 0 0 1 2 2 0 1 2 2 0 1 0 2 2 1 0 1 0 0 0 0 0 1 1 1 0 0 2 0 2 0 0 2 1 1 1 2 0 1 2 2 1 1 2 0 0 1 1 0 0 0 1 0 2 0 2 0 2 0 1 0 0 1 0 0 1 1 2 1 0 0 2 1 1 1 2 0 2 0 1 2 0 1 1 1 1 0 0 0 2 2 1 2 0 0 0 2 0 0 2 0 2 2 0 0 0 1 0 1 0 1 0 0 1 1 1 0 1 1 1 0 2 2 0 1 0 1 0 1 0 1 2 1 2 0 0 1 0 0 2 0 0 1 0 2 2 0 0 0 1 0 1 1 1 0 1 0 1
ind_111 0 1 1 1 1 0 0 0 0 0 2 1 1 1 1 0 0 0 1 0 2 2 2 1 0 1 1 1 0 0 1 0 1 0 0 0 0 1 1 0 0 0 0 0 0 2 2 0 1 1 1 0 1 0 2 0 0 0 0 0 2 0 0 2 2 2 0 0 0 0 0 0 2 0 2 2 2 2 2 0 2 0 0 2 0 0 2 0 2 0 0 0 2 2 0 2 0 2 0 2 0 2 0 0 0 0 2 0 2 0 0 0 2 2 2 2 0 2 0 0 2 0 2 0 0 2 0 0 0 0 0 2 2 2 2 0 0 0 2 0 0 2 0 2 0 2 0 0 2 0 2 0 2 2 0 0 0 0 0 0 2 0 0 2 0 0 2 2 2 0 2 0 2 0 2 0 2 0 0 0 0 0 0 0 0 0 2 2 0 0 0 2 0 0 0 2 0 0 2 0
ind_112 0 1 1 0 1 0 1 0 0 0 2 2 2 1 2 0 0 0 1 0 1 1 2 1 1 1 1 0 0 1 1 0 0 1 0 1 0 1 1 1 0 1 0 0 1 2 2 0 1 2 2 0 0 0 2 1 0 1 1 1 1 0 0 2 2 1 0 0 0 0 0 1 1 0 2 2 2 1 2 0 2 1 1 1 1 0 2 0 2 0 0 0 2 2 0 2 0 2 0 2 0 2 0 0 0 0 2 0 2 0 0 0 2 2 2 2 0 2 0 0 2 0 2 0 0 2 0 0 0 0 0 2 2 2 2 0 0 0 2 0 0 2 0 2 0 2 0 0 2 0 1 1 2 1 1 0 0 1 0 0 2 1 1 2 0 1 2 1 2 0 1 0 1 1 2 1 2 0 1 1 0 0 1 0 1 0 1 2 0 0 0 2 0 0 1 1 0 0 1 0
ind_113 0 1 1 1 1 0 0 0 0 0 2 1 1 1 1 0 0 0 0 0 2 2 2 0 0 1 1 1 0 0 1 0 1 0 0 0 0 1 1 0 0 0 0 0 0 2 2 0 1 1 1 0 1 0 2 0 0 1 1 1 1 0 0 2 2 1 0 0 0 0 0 0 2 0 2 2 2 2 2 0 2 0 0 2 0 0 2 0 2 0 0 0 2 2 0 2 0 2 0 2 0 2 0 0 0 0 2 0 2 0 0 0 2 2 2 2 0 2 0 0 2 0 2 0 0 2 1 0 0 0 0 2 2 2 2 0 0 0 1 0 0 2 0 2 0 2 0 0 1 1 2 0 1 1 0 0 0 1 0 1 2 2 1 2 1 2 2 1 2 1 1 0 0 1 2 2 2 0 1 1 0 0 2 0 2 0 0 2 0 0 0 2 0 0 2 0 0 0 0 0
ind_114 0 1 1 1 1 0 0 0 0 0 2 1 1 1 1 0 0 0 1 0 2 2 2 1 0 1 1 1 0 0 1 0 1 0 0 0 0 1 1 0 0 0 0 0 0 2 2 0 1 2 2 0 0 0 2 2 0 1 1 1 0 0 0 1 2 1 0 0 0 1 0 2 0 0 2 2 1 0 2 0 2 1 2 1 1 2 0 0 0 1 0 0 0 0 1 2 1 2 0 2 1 0 1 0 2 0 0 2 0 2 0 0 0 1 2 0 0 1 1 2 2 0 2 0 0 2 1 0 0 0 0 1 1 1 1 0 0 0 1 0 0 2 0 1 1 1 0 0 1 1 1 1 1 0 1 0 0 1 0 1 2 2 1 2 1 2 2 1 2 1 1 0 0 1 2 2 2 0 1 1 0 0 2 0 2 0 0 2 0 0 0 2 0 0 2 0 0 0 0 0
ind_115 0 1 1 1 1 0 0 0 0 0 2 1 1 1 1 0 0 0 0 0 2 2 2 0 1 0 1 0 1 2 2 0 0 1 0 1 1 0 2 1 0 1 0 0 2 2 2 0 1 2 2 0 0 0 2 2 0 1 1 1 0 0 0 1 2 1 0 0 0 1 0 2 0 0 2 2 1 0 2 0 2 1 2 2 0 1 1 0 1 0 0 0 1 1 0 2 1 2 0 2 1 1 0 0 1 0 1 1 1 1 0 0 1 1 2 1 0 1 1 1 2 0 2 0 0 2 1 0 0 0 0 2 2 2 2 0 0 0 1 0 0 2 0 2 0 2 0 0 1 1 2 0 1 1 0 0 0 0 0 1 2 1 0 2 1 1 2 2 2 1 2 0 1 0 2 1 2 0 0 0 0 0 1 0 1 0 1 2 0 0 0 2 0 0 1 1 0 0 1 0
ind_116 0 1 1 1 1 0 0 0 0 0 2 1 1 1 1 0 0 0 0 0 2 2 2 0 1 0 1 1 1 1 2 0 1 0 0 0 1 0 2 0 0 0 0 0 1 2 2 0 1 2 2 0 0 0 2 2 0 1 1 1 0 0 0 1 2 2 0 0 0 1 0 1 1 0 2 2 1 1 2 0 2 0 1 2 0 1 1 0 1 0 0 0 1 1 0 2 1 2 0 2 1 1 0 0 1 0 1 1 1 1 0 0 1 1 2 1 0 1 1 1 2 0 2 0 0 2 1 0 0 0 0 2 2 2 2 0 0 0 1 0 0 2 0 2 0 2 0 0 1 1 2 0 1 1 0 0 0 0 0 1 2 1 0 2 1 1 2 2 2 1 2 0 1 0 2 1 2 0 0 0 0 0 1 0 1 0 1 2 0 0 0 2 0 0 1 1 0 0 1 0
ind_117 0 1 1 0 1 0 1 0 0 0 2 2 2 1 2 0 0 0 1 0 1 1 2 1 1 1 1 0 0 1 1 0 0 1 0 1 0 1 1 1 0 1 0 0 1 2 2 0 1 2 2 0 0 0 2 1 0 1 1 1 1 0 0 2 2 2 0 0 0 1 0 1 1 0 2 2 1 1 2 0 2 0 1 2 0 1 1 0 1 0 0 0 1 1 0 2 1 2 0 2 1 1 0 0 1 0 1 1 1 1 0 0 1 1 2 1 0 1 1 1 2 0 2 0 0 2 1 0 0 0 0 2 2 2 2 0 0 0 1 0 0 2 0 2 0 2 0 0 1 1 2 0 1 1 0 0 0 0 0 1 2 1 0 2 1 1 2 2 2 1 2 0 1 0 2 1 2 0 0 0 0 0 1 0 1 0 1 2 0 0 0 2 0 0 1 1 0 0 1 0
ind_118 0 1 1 0 1 0 1 0 0 0 2 2 2 1 2 0 0 0 0 0 1 1 2 0 2 0 1 0 1 2 2 0 0 1 0 1 1 0 2 1 0 1 0 0 2 2 2 0 1 2 2 0 0 0 2 2 0 1 1 1 0 0 0 1 2 1 0 0 0 1 0 2 0 0 2 2 1 0 2 0 2 1 2 1 1 2 0 0 0 1 0 0 0 0 1 2 1 2 0 2 1 0 1 0 2 0 0 2 0 2 0 0 1 1 2 1 0 1 1 1 2 0 2 0 0 2 1 0 0 0 0 2 2 2 2 0 0 0 1 0 0 2 0 2 0 2 0 0 1 1 2 0 1 0 1 0 0 1 0 1 2 2 1 2 1 2 2 1 2 1 1 0 0 1 2 2 2 0 1 1 0 0 2 0 2 0 0 2 0 0 0 2 0 0 2 0 0 0 0 0
ind_119 0 1 1 0 1 0 1 0 0 0 2 2 2 1 2 0 0 0 0 0 1 1 2 0 2 0 1 0 1 2 2 0 0 1 0 1 1 0 2 1 0 1 0 0 2 2 2 0 1 2 2 0 0 0 2 2 0 1 1 1 0 0 0 1 2 1 0 0 0 1 0 2 0 0 2 2 1 0 2 0 2 1 2 1 1 2 0 0 0 1 0 0 0 0 1 2 1 2 0 2 1 0 1 0 2 0 0 2 0 2 0 0 0 1 2 0 0 1 1 2 2 0 2 0 0 2 1 0 0 0 0 1 1 1 1 0 0 0 1 0 0 2 0 1 1 1 0 0 1 1 1 1 1 0 1 0 0 0 0 1 2 1 0 2 1 1 2 2 2 1 2 0 1 0 2 1 2 0 0 0 0 0 1 0 1 0 1 2 0 0 0 2 0 0 1 1 0 0 1 0
ind_120 0 1 1 0 1 0 1 0 0 0 2 2 2 1 2 0 0 0 0 0 1 1 2 0 2 0 1 0 1 2 2 0 0 1 0 1 1 0 2 1 0 1 0 0 2 2 2 0 1 2 2 0 0 0 2 2 0 1 1 1 0 0 0 1 2 1 0 0 0 1 0 2 0 0 2 2 1 0 2 0 2 1 2 1 1 2 0 0 0 1 0 0 0 0 1 2 1 2 0 2 1 0 1 0 2 0 0 2 0 2 0 0 0 1 2 0 0 1 1 2 2 0 2 0 0 2 1 0 0 0 0 1 1 1 1 0 0 0 1 0 0 2 0 1 1 1 0 0 1 1 1 1 1 0 1 0 0 1 0 1 2 2 1 2 1 2 2 1 2 1 1 0 0 1 2 2 2 0 1 1 0 0 2 0 2 0 0 2 0 0 0 2 0 0 2 0 0 0 0 0
ind_121 0 1 1 1 1 0 0 0 0 0 2 1 1 1 1 0 0 0 1 0 2 2 2 1 0 1 1 1 0 0 2 0 1 0 0 0 1 0 2 0 0 0 0 0 1 2 2 0 1 1 1 0 1 0 2 1 0 0 0 0 1 0 0 1 2 2 0 0 0 1 0 1 2 0 2 2 2 2 2 0 2 0 0 2 0 0 2 0 2 0 0 0 2 2 0 2 0 2 0 2 0 2 0 0 0 0 1 1 1 1 0 0 1 1 2 1 0 1 1 1 2 0 2 0 0 2 1 0 0 0 0 2 2 2 2 0 0 0 1 0 0 2 0 2 0 2 0 0 1 1 2 0 1 1 0 0 0 0 0 1 2 1 0 2 1 1 2 2 2 1 2 0 1 0 2 1 2 0 0 0 0 0 1 0 1 0 1 2 0 0 0 2 0 0 1 1 0 0 1 0
ind_122 0 1 1 0 1 0 1 0 0 0 2 2 2 1 2 0 0 0 1 0 1 1 2 1 1 1 1 0 0 2 2 0 0 1 0 1 1 0 2 1 0 1 0 0 2 2 2 0 1 2 2 0 0 0 2 2 0 1 1 1 0 0 0 1 2 1 0 0 0 1 0 2 0 0 2 2 1 0 2 0 2 1 2 1 1 2 0 0 0 1 0 0 0 0 1 2 1 2 0 2 1 0 1 0 2 0 0 2 0 2 0 0 0 1 2 0 0 1 1 2 2 0 2 0 0 2 1 0 0 0 0 1 1 1 1 0 0 0 1 0 0 2 0 1 1 1 0 0 1 1 1 1 1 1 0 0 0 0 0 1 2 1 0 2 1 1 2 2 2 1 2 0 1 0 2 1 2 0 0 0 0 0 1 0 1 0 1 2 0 0 0 2 0 0 1 1 0 0 2 0
ind_123 0 1 1 1 1 0 0 0 0 0 2 1 1 1 1 0 0 0 1 0 2 2 2 1 0 1 1 1 0 0 1 0 1 0 0 0 0 1 1 0 0 0 0 0 0 2 2 0 1 1 1 0 1 0 2 0 0 0 0 0 1 0 0 1 2 2 0 0 0 1 0 1 1 0 2 2 1 1 2 0 2 0 1 2 0 1 1 0 1 0 0 0 1 1 0 2 1 2 0 2 1 1 0 0 1 0 1 1 1 1 0 0 1 1 2 1 0 1 1 1 2 0 2 0 0 2 1 0 0 0 0 2 2 2 2 0 0 0 1 0 0 2 0 2 0 2 0 0 2 0 2 0 2 2 0 0 0 0 0 0 2 0 0 2 0 0 2 2 2 0 2 0 2 0 2 0 2 0 0 0 0 0 0 0 0 0 2 2 0 0 0 2 0 0 0 2 0 0 2 0
ind_124 0 1 1 1 1 0 0 0 0 0 2 1 1 1 1 0 0 0 0 0 2 2 2 0 1 0 1 1 1 1 2 0 1 0 0 0 1 0 2 0 0 0 0 0 1 2 2 0 1 1 1 0 1 0 2 1 0 0 0 0 1 0 0 1 2 2 0 0 0 1 0 1 1 0 2 2 1 1 2 0 2 0 1 2 0 1 1 0 1 0 0 0 1 1 0 2 1 2 0 2 1 1 0 0 1 0 1 1 1 1 0 0 1 1 2 1 0 1 1 1 2 0 2 0 0 2 1 0 0 0 0 2 2 2 2 0 0 0 1 0 0 2 0 2 0 2 0 0 1 1 2 0 1 1 0 0 0 0 0 1 2 1 0 2 1 1 2 2 2 1 2 0 1 0 2 1 2 0 0 0 0 0 1 0 1 0 1 2 0 0 0 2 0 0 1 1 0 0 1 0
ind_125 0 1 1 0 1 0 1 0 0 0 2 2 2 1 2 0 0 0 0 0 1 1 2 0 2 0 1 0 1 2 2 0 0 1 0 1 1 0 2 1 0 1 0 0 2 2 2 0 1 2 2 0 0 0 2 1 0 1 1 1 1 0 0 2 2 1 0 0 0 0 0 1 1 0 2 2 2 0 2 0 2 1 2 1 1 2 0 0 0 1 0 0 0 0 1 2 1 2 0 2 1 0 1 0 2 0 0 2 0 2 0 0 0 1 2 0 0 1 1 2 2 0 2 0 0 2 1 0 0 0 0 1 1 1 1 0 0 0 1 0 0 2 0 1 1 1 0 0 1 1 1 1 1 0 1 0 0 1 0 1 2 2 1 2 1 2 2 1 2 1 1 0 0 1 2 2 2 0 1 1 0 0 2 0 2 0 0 2 0 0 0 2 0 0 2 0 0 0 0 0
ind_126 0 1 1 1 1 0 0 0 0 0 2 1 1 1 1 0 0 0 1 0 2 2 2 0 1 0 1 1 1 1 2 0 1 0 0 0 1 0 2 0 0 0 0 0 1 2 2 0 1 1 1 0 1 0 2 1 0 0 0 0 1 0 0 1 2 2 0 0 0 1 0 1 1 0 2 2 1 1 2 0 2 0 1 2 0 1 1 0 1 0 0 0 1 1 0 2 1 2 0 2 1 1 0 0 1 0 1 1 1 1 0 0 1 1 2 1 0 1 1 1 2 0 2 0 0 2 1 0 0 0 0 2 2 2 2 0 0 0 1 0 0 2 0 2 0 2 0 0 1 1 2 0 1 1 0 0 0 0 0 1 2 1 0 2 1 1 2 2 2 1 2 0 1 0 2 1 2 0 0 0 0 0 1 0 1 0 1 2 0 0 0 2 0 0 1 1 0 0 1 0
ind_127 0 1 1 1 1 0 0 0 0 0 2 1 1 1 1 0 0 0 1 0 2 2 2 1 0 1 1 1 0 0 1 0 1 0 0 0 0 1 1 0 0 0 0 0 0 2 2 0 1 1 1 0 1 0 2 0 0 0 0 0 2 0 0 2 2 2 0 0 0 0 0 0 2 0 2 2 2 2 2 0 2 0 0 2 0 0 2 0 2 0 0 0 2 2 0 2 0 2 0 2 0 2 0 0 0 0 2 0 2 0 0 0 2 2 2 2 0 2 0 0 2 0 2 0 0 2 0 0 0 0 0 2 2 2 2 0 0 0 2 0 0 2 0 2 0 2 0 0 2 0 2 0 2 2 0 0 0 0 0 0 2 0 0 2 0 0 2 2 2 0 2 0 2 0 2 0 2 0 0 0 0 0 0 0 0 0 2 2 0 0 0 2 0 0 0 2 0 0 1 0
ind_128 0 1 1 0 1 0 1 0 0 0 2 2 2 1 2 0 0 0 0 0 1 1 2 0 2 0 1 0 1 2 2 0 0 1 0 1 1 0 2 1 0 1 0 0 2 2 2 0 1 2 2 0 0 0 2 2 0 1 1 1 0 0 0 1 2 1 0 0 0 1 0 2 0 0 2 2 1 0 2 0 2 1 2 1 1 2 0 0 0 1 0 0 0 0 1 2 1 2 0 2 1 0 1 0 2 0 0 2 0 2 0 0 0 1 2 0 0 1 1 2 2 0 2 0 0 2 1 0 0 0 0 1 1 1 1 0 0 0 1 0 0 2 0 1 1 1 0 0 1 1 1 1 1 0 1 0 0 1 0 1 2 2 1 2 1 2 2 1 2 1 1 0 0 1 2 2 2 0 1 1 0 0 2 0 2 0 0 2 0 0 0 2 0 0 2 0 0 0 0 0
ind_129 0 1 1 1 1 0 0 0 0 0 2 1 1 1 1 0 0 0 1 0 2 2 2 1 0 1 1 1 0 0 1 0 1 0 0 0 0 1 1 0 0 0 0 0 0 2 2 0 1 1 1 0 1 0 2 0 0 0 0 0 2 0 0 2 2 2 0 0 0 0 0 0 2 0 2 2 2 2 2 0 2 0 0 2 0 0 2 0 2 0 0 0 2 2 0 2 0 2 0 2 0 2 0 0 0 0 2 0 2 0 0 0 2 2 2 2 0 2 0 0 2 0 2 0 0 2 0 0 0 0 0 2 2 2 2 0 0 0 2 0 0 2 0 2 0 2 0 0 2 0 2 0 2 2 0 0 0 0 0 0 2 0 0 2 0 0 2 2 2 0 2 0 2 0 2 0 2 0 0 0 0 0 0 0 0 0 2 2 0 0 0 2 0 0 0 2 0 0 2 0
ind_130 0 1 1 0 1 0 1 0 0 0 2 2 2 1 2 0 0 0 0 0 1 1 2 0 2 0 1 0 1 2 2 0 0 1 0 1 1 0 2 1 0 1 0 0 2 2 2 0 1 2 2 0 0 0 2 2 0 1 1 1 0 0 0 1 2 1 0 0 0 1 0 2 0 0 2 2 1 0 2 0 2 1 2 1 1 2 0 0 0 1 0 0 0 0 1 2 1 2 0 2 1 0 1 0 2 0 0 2 0 2 0 0 0 1 2 0 0 1 1 2 2 0 2 0 0 2 1 0 0 0 0 1 1 1 1 0 0 0 1 0 0 2 0 1 1 1 0 0 1 1 1 1 1 0 1 0 0 1 0 1 2 2 1 2 1 2 2 1 2 1 1 0 0 1 2 2 2 0 1 1 0 0 2 0 2 0 0 2 0 0 0 2 0 0 2 0 0 0 0 0
ind_131 0 1 0 0 2 0 0 0 0 0 2 2 2 2 2 0 0 0 2 0 2 2 2 2 1 1 1 1 0 0 0 0 0 0 0 0 0 1 1 1 0 0 0 0 1 2 2 0 1 2 2 0 1 0 2 0 0 0 1 0 2 0 0 2 2 1 0 0 0 0 0 1 1 0 2 1 1 1 2 0 1 0 0 2 0 0 2 0 2 0 0 0 2 1 0 2 0 2 0 2 0 1 0 0 0 0 1 1 1 1 0 0 1 1 1 2 1 2 0 1 1 0 1 0 0 2 1 0 0 0 0 2 2 2 2 0 0 0 2 0 0 1 0 1 0 2 0 0 2 1 1 0 2 1 0 1 0 0 0 1 1 1 0 2 0 0 2 1 2 0 1 0 2 1 2 1 2 1 0 0 0 1 1 0 0 0 2 2 0 0 0 2 0 1 1 2 0 0 1 0
ind_132 0 0 0 0 2 0 0 0 0 0 2 2 2 2 2 0 0 0 2 0 2 2 2 2 0 2 2 0 0 0 0 0 0 1 0 0 0 2 0 0 0 0 0 0 0 2 2 0 1 2 2 0 1 1 2 1 0 0 0 0 1 0 0 2 1 2 0 0 0 0 0 1 1 0 2 1 1 1 2 0 1 0 0 2 0 0 2 0 2 0 0 0 2 1 0 2 0 2 0 2 0 1 0 0 0 0 1 1 1 1 0 0 1 1 1 2 1 2 0 1 1 0 1 0 0 2 1 0 0 0 0 2 2 2 2 0 0 0 2 0 0 1 0 1 0 2 0 0 2 1 1 0 2 1 0 1 0 0 0 1 1 1 0 2 0 0 2 2 2 1 1 0 1 1 1 0 1 0 1 0 0 1 1 0 1 1 2 2 0 0 1 2 0 0 1 2 0 0 1 0
ind_133 0 2 0 0 0 1 2 0 0 0 2 1 1 1 1 0 0 0 0 0 2 2 2 1 2 0 1 1 1 1 1 0 0 0 0 0 1 0 2 1 0 0 0 0 2 2 2 0 1 2 2 0 0 0 2 1 0 0 1 0 1 0 0 1 2 0 0 0 0 1 0 2 0 0 2 1 1 1 2 0 1 1 1 1 1 1 1 0 1 1 0 0 1 0 0 2 0 2 0 2 0 1 0 0 1 0 0 1 1 2 0 0 0 1 0 2 2 2 0 2 0 0 1 0 0 2 2 0 0 0 0 2 2 2 2 0 0 0 2 0 0 1 1 1 1 1 0 0 2 2 0 0 1 0 1 1 0 1 1 1 0 2 0 0 2 1 1 1 2 0 1 0 2 1 2 1 1 1 0 1 0 1 1 1 0 0 2 2 1 0 1 2 0 1 2 2 0 0 0 0
ind_134 0 2 0 0 0 1 2 0 0 0 2 1 1 1 1 0 0 0 0 0 2 2 2 1 2 0 1 1 1 1 1 0 0 0 0 0 1 0 2 1 0 0 0 0 2 2 2 0 1 2 2 0 0 0 2 1 0 0 1 0 1 0 0 1 2 0 0 0 0 1 0 2 0 0 2 1 1 1 2 0 1 1 1 1 1 1 1 0 1 1 0 0 1 0 0 2 0 2 0 2 0 1 0 0 1 0 0 1 1 2 0 0 0 1 0 2 2 2 0 2 0 0 1 0 0 2 2 0 0 0 0 2 2 2 2 0 0 0 2 0 0 1 1 1 1 1 0 0 2 2 0 0 1 0 1 1 0 0 1 1 0 2 0 1 1 1 1 2 2 1 1 0 1 1 1 0 0 0 1 0 0 1 1 0 1 1 2 2 0 0 1 2 0 0 1 2 0 0 1 0
ind_135 0 2 0 0 0 1 2 0 0 0 2 1 1 1 1 0 0 0 0 0 2 2 2 1 2 0 1 1 1 1 1 0 0 0 0 0 1 0 2 1 0 0 0 0 2 2 2 0 1 2 2 0 0 0 2 1 0 0 1 0 1 0 0 1 2 0 0 0 0 1 0 2 0 0 2 1 1 1 2 0 1 1 1 1 1 1 1 0 1 1 0 0 1 0 0 2 0 2 0 2 0 1 0 0 1 0 0 1 2 1 0 0 0 2 1 2 1 2 1 2 1 0 2 0 1 1 2 1 1 0 0 1 1 1 1 0 0 0 1 0 1 2 1 2 2 0 1 0 1 1 1 1 1 0 2 0 0 1 1 1 0 2 0 0 2 1 1 1 2 0 1 0 2 1 2 1 1 1 0 1 0 1 1 1 0 0 2 2 1 0 1 2 0 1 2 2 0 0 0 0
ind_136 0 1 0 0 0 1 2 0 0 0 2 1 1 1 1 0 0 0 0 0 2 2 2 1 2 0 1 1 1 1 1 0 0 0 0 0 1 0 2 1 0 0 0 0 2 2 2 0 1 2 2 0 0 0 2 1 0 0 1 0 1 0 0 1 2 0 0 0 0 1 0 2 0 0 2 1 1 1 2 0 1 1 1 1 1 1 1 0 1 1 0 0 1 0 0 2 0 2 0 2 0 1 0 0 1 0 0 1 1 2 0 0 0 1 0 2 2 2 0 2 0 0 1 0 0 2 2 0 0 0 0 2 2 2 2 0 0 0 2 0 0 1 0 1 0 2 0 0 2 1 1 0 2 1 0 1 0 0 0 1 1 1 0 2 0 0 2 2 2 1 1 0 1 1 1 0 1 0 1 0 0 1 1 0 1 1 2 2 0 0 1 2 0 0 1 2 0 0 1 0
ind_137 0 1 0 0 1 1 1 0 0 0 2 1 2 1 1 0 0 0 1 0 2 2 2 1 1 1 2 0 1 1 1 0 0 1 0 0 1 1 1 0 0 0 0 0 1 2 2 0 1 2 2 0 0 1 2 2 0 0 0 0 0 0 0 1 2 0 0 0 0 1 0 2 0 0 2 1 1 1 2 0 1 1 1 1 1 1 1 0 1 1 0 0 1 0 0 2 0 2 0 2 0 1 0 0 1 0 0 1 1 2 0 0 0 1 0 2 2 2 0 2 0 0 1 0 0 2 2 0 0 0 0 2 2 2 2 0 0 0 2 0 0 1 1 1 1 1 0 0 2 2 0 0 1 0 1 1 0 0 1 1 0 2 0 1 1 1 1 2 2 1 1 0 1 1 1 0 0 0 1 1 0 1 1 1 1 1 2 2 1 0 2 2 0 0 2 2 0 0 0 0
ind_138 0 1 0 0 1 0 1 0 0 0 2 2 1 2 2 0 0 0 1 0 2 2 2 2 1 1 1 1 0 0 0 0 0 0 0 0 0 1 1 1 0 0 0 0 2 2 2 0 1 2 2 0 0 0 2 1 0 0 1 0 1 0 0 1 2 0 0 0 0 1 0 2 0 0 2 1 1 1 2 0 1 1 1 1 1 1 1 0 1 1 0 0 1 0 0 2 1 1 1 1 0 2 0 0 1 0 0 1 2 1 0 0 0 2 1 2 1 2 1 2 1 0 2 0 1 1 2 1 1 0 0 1 1 1 1 0 0 0 1 0 1 2 1 2 2 0 1 0 1 1 1 1 1 0 2 0 0 1 1 1 0 2 0 0 2 1 1 1 2 0 1 0 2 1 2 1 1 1 0 1 0 1 1 1 0 0 2 2 1 0 1 2 0 1 2 2 0 0 0 0
ind_139 0 1 0 0 1 0 1 0 0 0 2 2 1 2 2 0 0 0 1 0 2 2 2 2 1 1 1 1 0 0 0 0 0 0 0 0 0 1 1 1 0 0 0 0 1 2 2 0 1 2 2 0 1 0 2 0 0 0 1 0 2 0 0 2 2 1 0 0 0 1 0 2 0 0 2 1 1 1 2 0 1 1 1 1 1 1 1 0 1 1 0 0 1 0 0 2 0 2 0 2 0 1 0 0 1 0 0 1 1 2 0 0 0 1 0 2 2 2 0 2 0 0 1 0 0 2 2 0 0 0 0 2 2 2 2 0 0 0 2 0 0 1 1 1 1 1 0 0 2 2 0 0 1 0 1 1 0 0 1 1 0 2 0 1 1 1 1 2 2 1 1 0 1 1 1 0 0 0 1 1 0 1 1 1 1 1 2 2 1 0 2 2 0 0 2 2 0 0 0 0
ind_140 0 0 0 0 2 0 0 0 0 0 2 2 2 2 2 0 0 0 2 0 2 2 2 2 0 2 2 0 0 0 0 0 0 1 0 0 0 2 0 0 0 0 0 0 0 2 2 0 1 2 2 0 1 0 2 0 0 0 1 0 2 0 0 2 2 1 0 0 0 0 0 1 1 0 2 1 1 1 2 0 1 0 0 2 0 0 2 0 2 0 0 0 2 1 0 2 0 2 0 2 0 1 0 0 0 0 1 1 1 1 0 0 1 1 1 2 1 2 0 1 1 0 1 0 0 2 1 0 0 0 0 2 2 2 2 0 0 0 2 0 0 1 0 1 1 1 0 0 2 2 0 0 1 0 1 1 0 0 1 1 0 2 0 1 1 1 1 2 2 1 1 0 1 1 1 0 0 0 1 1 0 1 1 1 1 1 2 2 1 0 2 2 0 0 2 2 0 0 0 0
ind_141 0 1 0 0 1 1 1 0 0 0 2 1 2 1 1 0 0 0 1 0 2 2 2 1 1 1 1 1 1 1 1 0 0 0 0 0 1 0 2 1 0 0 0 0 2 2 2 0 1 2 2 0 0 0 2 1 0 0 1 0 1 0 0 1 2 0 0 0 0 1 0 2 0 0 2 1 2 2 2 0 2 2 2 0 2 2 1 1 0 1 1 0 1 0 0 2 1 1 1 1 0 2 0 0 1 0 0 1 2 1 0 0 0 2 1 2 1 2 1 2 1 0 2 0 1 1 2 1 1 0 0 1 1 1 1 0 0 0 1 0 1 2 1 2 2 0 1 0 1 1 1 1 1 0 2 0 0 1 1 1 0 2 0 0 2 1 1 1 2 0 1 0 2 1 2 1 1 1 0 1 0 1 1 1 0 0 2 2 1 0 1 2 0 1 2 2 0 0 0 0
ind_142 0 0 0 0 2 0 0 0 0 0 2 2 2 2 2 0 0 0 2 0 2 2 2 2 0 2 2 0 0 0 0 0 0 1 0 0 0 2 0 0 0 0 0 0 0 2 2 0 1 2 2 0 1 1 2 1 0 0 0 0 1 0 0 2 1 2 0 0 0 0 0 1 1 0 2 2 2 2 2 0 2 1 1 1 1 1 2 1 1 0 1 0 2 1 0 2 1 1 1 1 0 2 0 0 0 0 1 1 2 0 0 0 1 2 2 2 0 2 1 1 2 0 2 0 1 1 1 1 1 0 0 1 1 1 1 0 0 0 1 0 1 2 0 2 1 1 1 0 1 0 2 1 2 1 1 0 0 1 0 1 1 1 0 1 1 0 2 1 2 0 1 0 2 1 2 1 2 1 0 0 0 1 1 0 0 0 2 2 0 0 0 2 0 1 1 2 0 0 1 0
ind_143 0 1 0 0 1 0 1 0 0 0 2 2 1 2 2 0 0 0 1 0 2 2 2 1 2 0 1 1 1 1 1 0 0 0 0 0 1 0 2 1 0 0 0 0 2 2 2 0 1 2 2 0 0 0 2 1 0 0 1 0 1 0 0 1 2 0 0 0 0 1 0 2 0 0 2 1 1 1 2 0 1 1 1 1 1 1 1 0 1 1 0 0 1 0 0 2 0 2 0 2 0 1 0 0 1 0 0 1 1 2 0 0 0 1 0 2 2 2 0 2 0 0 1 0 0 2 2 0 0 0 0 2 2 2 2 0 0 0 2 0 0 1 1 1 1 1 0 0 2 2 0 0 1 0 1 1 0 0 1 1 0 2 0 1 1 1 1 2 2 1 1 0 1 1 1 0 0 0 1 1 0 1 1 1 0 0 2 2 1 0 1 2 0 1 2 2 0 0 0 0
ind_144 0 1 0 0 1 0 1 0 0 0 2 2 1 2 2 0 0 0 1 0 2 2 2 2 1 1 1 1 0 0 0 0 0 0 0 0 0 1 1 1 0 0 0 0 1 2 2 0 1 2 2 0 1 0 2 0 0 0 0 0 1 0 0 2 1 2 0 0 0 0 0 1 1 0 2 2 2 2 2 0 2 1 1 1 1 1 2 1 1 0 1 0 2 1 0 2 1 1 1 1 0 2 0 0 0 0 1 1 2 0 0 0 1 2 1 2 1 2 1 2 1 0 2 0 1 1 2 1 1 0 0 1 1 1 1 0 0 0 1 0 1 2 1 2 2 0 1 0 1 1 1 1 1 0 2 0 0 1 1 1 0 2 0 0 2 1 1 1 2 0 1 0 2 1 2 1 2 1 0 0 0 1 1 0 0 0 2 2 0 0 0 2 0 1 1 2 0 0 1 0
ind_145 0 2 0 0 0 1 2 0 0 0 2 1 1 1 1 0 0 0 0 0 2 2 2 1 2 0 1 0 1 1 1 0 0 1 0 0 1 1 1 0 0 0 0 0 1 2 2 0 1 2 2 0 0 1 2 2 0 0 0 0 0 0 0 1 1 1 0 0 0 1 0 2 0 0 2 2 2 2 2 0 2 2 2 0 2 2 1 1 0 1 1 0 1 0 0 2 1 1 1 1 0 2 0 0 1 0 0 1 2 1 0 0 0 2 1 2 1 2 1 2 1 0 2 0 1 1 2 1 1 0 0 1 1 1 1 0 0 0 1 0 1 2 1 2 2 0 1 0 1 1 1 1 1 0 2 0 0 1 1 1 0 2 0 0 2 1 1 1 2 0 1 0 2 1 2 1 1 1 0 1 0 1 1 1 0 0 2 2 1 0 1 2 0 1 2 2 0 0 0 0
ind_146 0 0 0 0 2 0 0 0 0 0 2 2 2 2 2 0 0 0 2 0 2 2 2 2 0 2 2 0 0 0 0 0 0 1 0 0 0 2 0 1 0 0 0 0 1 2 2 0 1 2 2 0 1 0 2 0 0 0 1 0 2 0 0 1 2 0 0 0 0 1 0 2 0 0 2 1 1 1 2 0 1 1 1 1 1 1 1 0 1 1 0 0 1 0 0 2 0 2 0 2 0 1 0 0 1 0 0 1 1 2 0 0 0 1 0 2 2 2 0 2 0 0 1 0 0 2 2 0 0 0 0 2 2 2 2 0 0 0 2 0 0 1 1 1 1 1 0 0 2 1 1 0 2 1 0 1 0 0 0 1 1 1 0 2 0 0 2 2 2 1 1 0 1 1 1 0 1 0 1 0 0 1 1 0 1 0 2 2 0 0 0 2 0 1 1 2 0 0 1 0
ind_147 0 1 0 0 1 0 1 0 0 0 2 2 1 2 2 0 0 0 0 0 2 2 2 1 2 0 1 1 1 1 1 0 0 0 0 0 1 0 2 1 0 0 0 0 2 2 2 0 1 2 2 0 0 0 2 1 0 0 1 0 1 0 0 1 2 0 0 0 0 1 0 2 0 0 2 1 1 1 2 0 1 1 1 1 1 1 1 0 1 1 0 0 1 0 0 2 0 2 0 2 0 1 0 0 1 0 0 1 1 2 0 0 0 1 0 2 2 2 0 2 0 0 1 0 0 2 2 0 0 0 0 2 2 2 2 0 0 0 2 0 1 2 1 2 2 0 1 0 1 1 1 1 1 0 2 0 0 1 1 1 0 2 0 0 2 1 1 1 2 0 1 0 2 1 2 1 1 1 0 1 0 1 1 1 0 0 2 2 1 0 1 2 0 1 2 2 0 0 0 0
ind_148 0 2 0 0 0 1 2 0 0 0 2 1 1 1 1 0 0 0 0 0 2 2 2 1 2 0 1 1 1 1 1 0 0 0 0 0 1 0 2 1 0 0 0 0 2 2 2 0 1 2 2 0 0 0 2 1 0 0 1 0 1 0 0 1 2 0 0 0 0 1 0 2 0 0 2 1 1 1 2 0 1 1 1 1 1 1 1 0 1 1 0 0 1 0 0 2 0 2 0 2 0 1 0 0 1 0 0 1 1 2 0 0 0 1 0 2 2 2 0 2 0 0 1 0 0 2 2 0 0 0 0 2 2 2 2 0 0 0 2 0 0 1 1 1 1 1 0 0 2 2 0 0 1 0 1 1 0 0 1 1 0 2 0 1 1 1 1 2 2 1 1 0 1 1 1 0 0 0 1 1 0 1 1 1 1 1 2 2 1 0 2 2 0 0 2 2 0 0 0 0
ind_149 0 0 0 0 2 0 0 0 0 0 2 2 2 2 2 0 0 0 2 0 2 2 2 2 0 2 2 0 0 0 0 0 0 1 0 0 0 2 0 0 0 0 0 0 0 2 2 0 1 2 2 0 1 0 2 0 0 0 1 0 2 0 0 2 1 2 0 0 0 0 0 1 1 0 2 2 2 2 2 0 2 1 1 1 1 1 2 1 1 0 1 0 2 1 0 2 1 1 1 1 0 2 0 0 0 0 1 1 2 0 0 0 1 2 2 2 0 2 1 1 2 0 2 0 1 1 1 1 1 0 0 1 1 1 1 0 0 0 1 0 1 2 0 2 1 1 1 0 1 0 2 1 2 1 1 0 0 1 0 1 1 1 0 1 1 0 2 1 2 0 1 0 2 1 2 1 2 1 0 0 0 1 1 0 0 0 2 2 0 0 0 2 0 1 1 2 0 0 1 0
ind_150 0 0 0 0 2 0 0 0 0 0 2 2 2 2 2 0 0 0 2 0 2 2 2 2 0 2 2 0 0 0 0 0 0 0 0 0 0 1 1 1 0 0 0 0 1 2 2 0 1 2 2 0 1 0 2 0 0 0 1 0 2 0 0 2 2 1 0 0 0 0 0 1 1 0 2 1 1 1 2 0 1 0 0 2 0 0 2 0 2 0 0 0 2 1 0 2 0 2 0 2 0 1 0 0 0 0 1 1 1 1 0 0 1 1 1 2 1 2 0 1 1 0 1 0 0 2 1 0 0 0 0 2 2 2 2 0 0 0 2 0 0 1 0 1 0 2 0 0 2 1 1 0 2 1 0 1 0 0 0 1 1 1 0 2 0 0 2 2 2 1 1 0 1 1 1 0 1 0 1 0 0 1 1 0 1 1 2 2 0 0 1 2 0 0 1 2 0 0 1 0
ind_151 0 0 0 0 0 0 2 0 0 0 2 1 1 1 1 0 0 0 1 0 2 2 1 2 1 0 0 0 1 0 0 1 0 1 1 0 0 0 2 0 0 0 2 0 2 1 2 0 1 2 2 0 0 0 2 1 0 1 1 1 0 0 0 2 2 0 0 1 1 2 0 2 0 0 1 0 0 0 2 0 0 2 1 1 0 2 0 0 1 1 1 0 1 1 1 1 1 2 1 1 0 2 0 0 2 0 0 2 0 1 1 0 0 0 1 1 1 1 1 2 2 0 2 0 0 2 2 0 0 0 0 2 2 1 1 0 0 0 0 0 1 2 1 1 0 2 0 1 2 1 0 0 0 0 2 0 0 1 1 0 0 1 0 1 2 2 1 2 2 0 2 1 1 1 1 1 1 1 1 1 0 2 0 0 2 0 1 2 0 0 1 2 0 0 1 1 0 0 1 0
ind_152 0 1 0 0 0 0 2 0 0 0 2 1 2 2 2 0 1 0 1 0 2 2 2 2 1 0 0 1 0 0 0 1 0 2 2 0 1 0 1 0 1 0 1 0 2 2 2 0 0 1 2 0 2 0 2 0 1 0 1 1 0 0 0 0 2 0 1 0 0 1 0 2 0 0 2 2 2 2 1 0 1 1 1 2 0 0 1 0 1 0 0 0 0 1 0 2 0 2 0 2 0 1 0 0 1 0 0 1 0 2 1 0 1 1 1 1 1 2 0 2 1 1 2 0 1 1 2 1 0 0 0 2 2 1 2 0 0 0 1 0 0 2 1 2 0 2 0 0 2 2 0 0 0 0 2 1 0 0 1 0 0 2 0 0 1 1 0 2 2 0 2 1 1 1 1 1 1 1 1 1 0 2 0 0 2 0 1 2 0 0 1 2 0 0 1 1 0 0 1 0
ind_153 0 0 1 0 0 1 1 1 0 1 2 1 1 1 1 0 1 0 0 0 2 2 0 2 1 0 0 0 1 1 1 0 0 1 0 1 0 0 2 1 0 1 1 0 2 1 2 0 1 2 2 0 0 0 2 1 0 1 1 1 0 0 0 2 2 0 0 1 1 2 0 2 0 0 1 0 0 0 2 0 0 2 1 1 0 2 0 0 1 1 1 0 1 1 1 2 1 2 1 1 0 2 0 0 2 0 0 2 0 1 1 0 0 0 2 0 0 0 2 2 2 0 2 0 0 2 2 0 0 0 0 2 2 0 0 0 0 0 0 0 2 2 0 0 0 2 0 2 2 0 0 0 0 0 2 0 0 2 0 0 0 0 0 2 2 1 2 2 2 0 2 1 1 1 1 1 1 1 1 0 0 2 0 0 2 0 1 2 0 0 0 2 0 1 2 1 0 0 0 0
ind_154 0 0 0 0 0 0 2 0 0 0 2 1 1 1 1 0 0 0 1 0 2 2 1 2 1 0 0 0 1 0 0 1 0 1 1 0 0 0 2 0 0 0 2 0 2 2 2 0 0 1 2 0 2 0 2 0 1 0 1 1 0 0 0 0 2 0 1 0 0 2 0 2 0 0 1 1 1 1 1 0 0 1 0 2 0 1 1 0 2 1 1 0 1 2 0 1 0 2 0 2 0 1 0 0 1 0 0 2 0 1 1 0 0 0 2 0 0 0 2 2 2 0 2 0 0 2 2 0 0 0 0 2 2 0 1 0 0 0 1 0 1 2 0 1 0 2 0 1 2 1 0 0 0 0 2 1 0 1 0 0 0 1 0 1 1 1 0 2 2 0 2 0 2 1 2 1 0 0 1 1 0 1 0 1 1 0 1 2 0 0 1 1 1 0 1 2 0 0 1 0
ind_155 0 1 1 0 0 1 1 1 0 1 2 1 2 2 2 0 2 0 0 0 2 2 1 2 1 0 0 1 0 1 1 0 0 2 1 1 1 0 1 1 1 1 0 0 2 2 2 0 0 1 2 0 1 0 2 1 0 1 1 1 0 0 0 2 2 0 0 1 1 2 0 2 0 0 1 0 0 0 2 0 0 2 1 1 0 2 0 0 1 1 1 0 1 1 1 1 1 2 1 1 0 2 0 0 2 0 0 1 0 2 0 0 1 0 1 1 1 1 1 2 2 0 2 0 0 2 2 0 0 0 0 2 2 1 1 0 0 0 0 0 1 2 1 1 0 2 0 1 2 1 0 0 0 0 2 0 0 1 1 0 0 1 0 1 2 2 1 2 2 0 2 1 1 1 1 1 1 0 1 1 0 1 0 1 1 0 1 2 0 0 1 1 1 0 1 2 0 0 1 0
ind_156 0 0 0 0 0 0 2 0 0 0 2 1 1 1 1 0 0 0 1 0 2 2 1 2 1 0 0 0 1 0 0 1 0 1 1 0 0 0 2 0 0 0 2 0 2 1 2 0 1 2 2 0 0 0 2 1 0 1 1 1 0 0 0 2 2 0 0 1 1 2 0 2 0 0 1 0 0 0 2 0 0 2 1 1 0 2 0 0 1 1 1 0 1 1 1 1 1 2 1 1 0 2 0 0 2 0 0 2 0 1 1 0 0 0 1 1 1 1 1 2 2 0 2 0 1 1 2 1 0 0 0 2 2 1 2 0 0 0 1 0 0 2 1 2 0 2 0 0 2 2 0 0 0 0 2 1 0 0 1 0 0 2 0 0 1 1 0 2 2 0 2 0 2 1 1 1 1 1 1 1 0 2 0 0 2 0 1 2 0 0 1 2 0 0 1 1 0 0 1 0
ind_157 0 1 1 0 0 1 1 1 0 1 2 1 2 2 2 0 1 0 1 0 2 2 1 2 1 0 0 0 1 0 0 1 0 1 1 0 0 0 2 0 0 0 2 0 2 1 2 0 1 2 2 0 1 0 2 0 1 0 0 0 0 0 0 1 2 0 0 1 1 1 0 2 0 0 2 1 1 1 2 0 1 2 2 1 0 1 0 0 0 0 0 0 0 0 1 2 1 2 1 1 0 2 0 0 2 0 0 1 0 2 0 0 1 0 2 0 0 0 2 2 2 0 2 0 0 2 2 0 0 0 0 2 2 0 0 0 0 0 0 0 2 2 0 0 0 2 0 2 2 0 0 0 0 0 2 0 0 2 0 0 0 0 0 2 2 1 2 2 2 0 2 1 1 1 1 1 1 1 1 0 0 2 0 0 2 0 1 2 0 0 0 2 0 1 2 1 0 0 0 0
ind_158 0 1 1 0 0 0 2 0 0 0 2 1 2 2 2 0 1 0 1 0 2 2 2 2 1 0 0 1 0 1 1 0 0 2 1 1 1 0 1 1 1 1 0 0 2 2 2 0 0 1 2 0 1 0 2 1 0 1 2 2 0 0 0 1 2 0 1 0 0 2 0 2 0 0 1 1 1 1 1 0 0 1 0 2 0 1 1 0 2 1 1 0 1 2 0 1 1 2 1 1 0 2 0 0 2 0 0 2 0 1 1 0 0 0 2 0 0 0 2 2 2 0 2 0 0 2 2 0 0 0 0 2 2 0 0 0 0 0 0 0 2 2 0 0 0 2 0 2 2 0 0 0 0 0 2 0 0 2 0 0 0 0 0 2 2 1 2 2 2 0 2 1 1 1 1 1 0 0 1 0 0 1 0 1 1 0 1 2 0 0 0 1 1 1 2 2 0 0 0 0
ind_159 0 0 1 0 0 1 1 1 0 1 2 1 1 1 1 0 1 0 0 0 2 2 0 2 1 0 0 0 1 1 1 0 0 1 0 1 0 0 2 1 0 1 1 0 2 1 2 0 1 2 2 0 0 0 2 0 1 0 0 0 0 0 0 1 2 0 0 1 1 1 0 2 0 0 2 1 1 1 2 0 1 2 2 1 0 1 0 0 0 0 0 0 0 0 1 2 1 2 1 1 0 2 0 0 2 0 0 1 0 2 0 0 1 0 1 1 1 1 1 2 2 0 2 0 0 2 2 0 0 0 0 2 2 1 1 0 0 0 0 0 1 2 1 1 0 2 0 1 2 1 0 0 0 0 2 0 0 1 1 0 0 1 0 1 2 2 1 2 2 0 2 1 1 1 1 1 1 1 1 1 0 2 0 0 2 0 1 2 0 0 1 2 0 0 1 1 0 0 1 0
ind_160 0 0 0 0 0 0 2 0 0 0 2 1 1 1 1 0 0 0 1 0 2 2 1 2 1 0 0 0 1 0 0 1 0 1 1 0 0 0 2 0 0 0 2 0 2 1 2 0 1 2 2 0 1 0 2 0 1 0 0 0 0 0 0 1 2 0 0 1 1 1 0 2 0 0 2 1 1 1 2 0 1 2 2 1 0 1 0 0 0 0 0 0 0 0 1 2 1 2 1 1 0 2 0 0 2 0 0 1 0 2 0 0 1 0 1 1 1 1 1 2 2 0 2 0 0 2 2 0 0 0 0 2 2 1 1 0 0 0 0 0 1 2 1 1 0 2 0 1 2 1 0 0 0 0 2 0 0 1 1 0 0 1 0 1 2 2 1 2 2 0 2 1 1 1 1 1 1 1 1 1 0 2 0 0 2 0 1 2 0 0 1 2 0 0 1 1 0 0 1 0
ind_161 0 0 0 0 0 0 2 0 0 0 2 1 1 1 1 0 0 0 1 0 2 2 1 2 1 0 0 0 1 1 1 0 0 2 1 1 1 0 1 1 1 1 0 0 2 2 2 0 0 1 2 0 1 0 2 1 0 1 2 2 0 0 0 1 2 0 1 0 0 2 0 2 0 0 1 1 1 1 1 0 0 1 0 2 0 1 1 0 2 1 1 0 1 2 0 1 0 2 0 2 0 1 0 0 1 0 0 2 0 1 2 0 0 1 2 0 0 1 1 2 1 1 2 0 1 1 2 1 0 0 0 2 2 0 1 0 0 0 1 0 1 2 0 1 0 2 0 1 2 1 0 0 0 0 2 1 0 1 0 0 0 1 0 1 1 0 1 2 2 0 2 0 2 1 2 1 0 0 1 0 0 1 0 1 1 0 1 2 0 0 0 1 1 1 2 2 0 0 0 0
ind_162 0 1 0 0 0 0 2 0 0 0 2 1 2 2 2 0 1 0 1 0 2 2 2 2 1 0 0 1 1 0 0 1 0 1 1 0 0 0 2 0 0 0 2 0 2 1 2 0 1 2 2 0 0 0 2 1 0 1 1 1 0 0 0 2 2 0 0 1 1 2 0 2 0 0 1 0 0 0 2 0 0 2 1 1 0 2 0 0 1 1 1 0 1 1 1 1 1 2 1 1 0 2 0 0 2 0 0 2 0 1 1 0 0 0 2 0 0 0 2 2 2 0 2 0 0 2 2 0 0 0 0 2 2 1 1 0 0 0 0 0 1 2 1 1 0 2 0 1 2 1 0 0 0 0 2 0 0 1 1 0 0 1 0 1 2 2 1 2 2 0 2 1 1 1 1 1 1 1 1 1 0 2 0 0 2 0 1 2 0 0 1 2 0 0 1 1 0 0 1 0
ind_163 0 0 1 0 0 1 1 1 0 1 2 1 1 1 1 0 1 0 0 0 2 2 0 2 1 0 0 0 1 1 1 0 0 1 0 1 0 0 2 1 0 1 1 0 2 1 2 0 1 2 2 0 0 0 2 1 0 1 1 1 0 0 0 2 2 0 0 1 1 2 0 2 0 0 1 1 1 1 1 0 0 1 0 2 0 2 0 0 1 1 1 0 1 1 1 1 1 2 1 1 0 2 0 0 2 0 0 2 0 1 1 0 0 0 2 0 0 0 2 2 2 0 2 0 0 2 2 0 0 0 0 2 2 0 0 0 0 0 0 0 2 2 0 0 0 2 0 2 2 0 0 0 0 0 2 0 0 1 1 0 0 1 0 1 2 2 1 2 2 0 2 1 1 1 1 1 1 1 1 1 0 2 0 0 2 0 1 2 0 0 1 2 0 0 1 1 0 0 1 0
ind_164 0 1 1 0 0 1 1 1 0 1 2 1 2 2 2 0 2 0 0 0 2 2 2 2 1 0 0 1 0 0 0 1 0 2 2 0 1 0 1 0 1 0 1 0 2 2 2 0 0 1 2 0 2 0 2 0 1 0 1 1 0 0 0 0 2 0 1 0 0 1 0 2 0 0 2 2 2 2 1 0 1 1 1 2 0 0 1 0 1 0 0 0 0 1 0 2 0 2 0 2 0 1 0 0 1 0 0 2 0 1 2 0 0 1 2 0 0 1 1 2 1 1 2 0 1 1 2 1 0 0 0 2 2 0 1 0 0 0 1 0 1 2 0 1 0 2 0 1 2 1 0 0 0 0 2 1 0 1 0 0 0 1 0 1 1 0 1 2 2 0 2 0 2 1 2 1 0 0 1 0 0 1 0 1 1 0 1 2 0 0 0 1 1 1 2 2 0 0 0 0
ind_165 0 0 0 0 0 1 1 1 0 1 2 1 1 1 1 0 1 0 0 0 2 2 0 2 1 0 0 0 1 1 1 0 0 1 0 1 0 0 2 1 0 1 1 0 2 1 2 0 1 2 2 0 0 0 2 1 0 1 1 1 0 0 0 2 2 0 0 1 1 2 0 2 0 0 1 0 0 0 2 0 0 2 1 1 0 2 0 0 1 1 1 0 1 1 1 1 1 2 1 1 0 2 0 0 2 0 0 2 0 1 1 0 0 1 2 0 0 1 1 2 1 1 2 0 1 1 2 1 0 0 0 2 2 0 1 0 0 0 1 0 1 2 0 1 0 2 0 2 2 0 0 0 0 0 2 0 0 2 0 0 0 0 0 2 2 1 2 2 2 0 2 1 1 1 1 1 1 1 1 0 0 2 0 0 2 0 1 2 0 0 0 2 0 1 2 1 0 0 0 0
ind_166 0 1 1 0 0 1 1 1 0 1 2 1 2 2 2 0 2 0 0 0 2 2 1 2 1 0 0 1 0 1 1 0 0 2 1 1 1 0 1 1 1 1 0 0 2 2 2 0 0 1 2 0 1 0 2 1 0 1 2 2 0 0 0 1 2 0 1 0 0 2 0 2 0 0 1 1 1 1 1 0 0 1 0 2 0 1 1 0 2 1 1 0 1 2 0 2 0 2 0 2 0 1 0 0 1 0 0 1 0 2 1 0 1 1 1 1 1 2 0 2 1 1 2 0 1 1 2 1 0 0 0 2 2 1 2 0 0 0 1 0 0 2 1 2 0 2 0 0 2 2 0 0 0 0 2 1 0 0 1 0 0 2 0 0 1 1 0 2 2 0 2 0 2 1 2 1 0 0 1 1 0 1 0 1 1 0 1 2 0 0 1 1 1 0 1 2 0 0 1 0
ind_167 0 0 0 0 0 0 2 0 0 0 2 1 1 1 1 0 0 0 1 0 2 2 1 2 1 0 0 0 1 0 0 1 0 2 2 0 1 0 1 0 1 0 1 0 2 2 2 0 0 1 2 0 2 0 2 0 1 0 1 1 0 0 0 0 2 0 1 0 0 1 0 2 0 0 2 2 2 2 1 0 1 1 1 2 0 0 1 0 1 0 0 0 0 0 1 2 1 2 1 1 0 2 0 0 2 0 0 1 0 2 0 0 1 0 1 1 1 1 1 2 2 0 2 0 0 2 2 0 0 0 0 2 2 1 1 0 0 0 0 0 1 2 1 1 0 2 0 1 2 1 0 0 0 0 2 0 0 1 1 0 0 1 0 1 2 2 1 2 2 0 2 1 1 1 1 1 1 1 1 1 0 2 0 0 2 0 1 2 0 0 1 2 0 0 1 1 0 0 1 0
ind_168 0 0 1 0 0 1 1 1 0 1 2 1 1 1 1 0 1 0 0 0 2 2 0 2 1 0 0 0 1 1 1 0 0 1 0 1 0 0 2 1 0 1 1 0 2 1 2 0 1 2 2 0 0 0 2 1 0 1 1 1 0 0 0 2 2 0 0 1 1 2 0 2 0 0 1 0 0 0 2 0 0 2 1 1 0 2 0 0 1 1 0 0 0 0 1 2 1 2 1 1 0 2 0 0 2 0 0 1 0 2 0 0 1 0 1 1 1 1 1 2 2 0 2 0 0 2 2 0 0 0 0 2 2 1 1 0 0 0 0 0 0 2 1 2 0 2 0 0 2 2 0 0 0 0 2 1 0 0 1 0 0 2 0 0 1 1 0 2 2 0 2 0 2 1 2 1 0 0 1 1 0 1 0 1 1 0 1 2 0 0 1 1 1 0 1 2 0 0 1 0
ind_169 0 1 1 0 0 1 1 1 0 1 2 1 2 2 2 0 2 0 0 0 2 2 1 2 1 0 0 1 0 1 1 0 0 1 0 1 0 0 2 1 0 1 1 0 2 1 2 0 1 2 2 0 0 0 2 1 0 1 1 1 0 0 0 2 2 0 0 1 1 2 0 2 0 0 2 1 1 1 2 0 1 2 2 1 0 1 0 0 0 0 1 0 1 1 1 1 1 2 1 1 0 2 0 0 2 0 0 2 0 1 1 0 0 0 2 0 0 0 2 2 2 0 2 0 0 2 2 0 0 0 0 2 2 0 0 0 0 0 0 0 1 2 1 1 0 2 0 1 2 1 0 0 0 0 2 0 0 1 1 0 0 1 0 1 2 2 1 2 2 0 2 1 1 1 1 1 1 1 1 1 0 2 0 0 2 0 1 2 0 0 1 2 0 0 1 1 0 0 1 0
ind_170 0 0 0 0 0 0 2 0 0 0 2 1 1 1 1 0 0 0 1 0 2 2 1 2 1 0 0 0 1 0 0 1 0 1 1 0 0 0 2 0 0 0 2 0 2 1 2 0 1 2 2 0 1 0 2 0 1 0 0 0 0 0 0 1 2 0 0 1 1 1 0 2 0 0 2 1 1 1 2 0 1 2 2 1 0 1 0 0 0 0 0 0 0 0 1 2 1 2 1 1 0 2 0 0 2 0 0 1 0 2 0 0 1 0 1 1 1 1 1 2 2 0 2 0 0 2 2 0 0 0 0 2 2 1 1 0 0 0 0 0 1 2 1 1 0 2 0 1 2 1 0 0 0 0 2 0 0 1 1 0 0 1 0 1 2 2 1 2 2 0 2 1 1 1 1 1 1 1 1 1 0 2 0 0 2 0 1 2 0 0 1 2 0 0 1 1 0 0 1 0
ind_171 0 2 1 0 0 1 1 0 0 0 2 2 2 2 2 0 1 0 0 0 1 2 2 1 1 0 2 0 2 1 1 0 0 0 0 0 1 0 2 1 0 0 0 0 1 2 1 0 0 2 2 1 1 0 2 0 0 1 1 0 1 0 0 1 2 0 1 0 0 1 0 1 0 1 2 1 0 0 2 0 1 0 1 2 0 1 1 0 1 0 0 0 1 0 0 2 1 2 0 2 1 0 0 0 1 0 0 2 0 2 0 0 0 0 1 1 1 1 1 2 1 0 1 0 0 2 2 0 0 0 0 1 1 2 2 1 0 0 2 0 0 1 0 1 0 2 0 0 2 1 1 0 1 0 0 2 0 1 1 1 1 2 0 1 1 0 2 2 2 1 1 0 1 1 1 1 0 0 2 0 0 1 1 0 2 1 2 2 0 0 2 2 0 0 1 2 0 0 0 0
ind_172 0 1 2 1 0 1 0 2 1 1 2 1 2 1 1 0 2 0 0 0 2 2 0 1 1 0 0 0 0 1 1 1 0 2 2 1 1 0 2 0 1 1 1 0 2 2 1 0 0 1 2 0 2 0 2 0 2 0 2 0 0 0 1 1 2 0 0 0 0 0 0 2 0 0 2 0 0 0 2 0 0 0 0 2 0 0 2 0 2 0 0 0 1 1 0 2 1 1 0 2 0 1 0 0 1 0 0 2 0 2 0 0 0 1 1 1 1 2 0 2 0 1 1 0 0 2 2 0 0 0 0 2 2 1 2 1 0 0 1 0 0 0 0 0 0 1 0 0 2 1 1 1 1 0 0 2 0 0 0 2 1 2 0 2 1 0 1 2 2 1 1 0 1 1 1 0 1 0 1 0 0 1 1 0 1 1 2 2 0 0 1 1 1 0 2 1 0 1 0 0
ind_173 0 1 2 1 0 1 0 2 1 1 2 1 2 1 1 0 2 0 0 0 2 2 0 1 1 0 0 0 0 1 1 1 0 2 2 1 1 0 2 0 1 1 1 0 2 2 1 0 0 1 2 0 2 0 2 0 2 0 2 0 1 0 1 2 2 0 0 0 0 0 0 2 0 0 2 0 0 0 2 0 0 0 0 2 0 0 2 0 2 0 0 0 1 1 0 2 1 1 0 2 0 1 0 0 1 0 0 2 0 2 0 0 0 1 1 1 1 2 0 2 0 1 1 0 0 2 2 0 0 0 0 2 2 1 2 1 0 0 1 0 0 0 0 0 0 1 0 0 2 1 1 1 1 0 0 2 0 0 0 2 1 2 0 2 1 0 1 2 2 1 1 0 1 1 1 0 1 0 1 0 0 1 1 0 1 1 2 2 0 0 1 1 1 0 2 1 0 1 0 0
ind_174 0 2 1 1 0 0 1 1 1 0 2 2 2 1 1 0 2 0 0 0 2 2 1 1 1 0 1 0 1 0 0 1 0 1 1 0 0 0 2 1 0 0 1 0 2 2 2 0 0 2 2 0 1 0 2 0 1 0 2 0 1 0 1 2 2 0 0 0 0 0 0 2 0 0 2 0 0 0 2 0 0 0 0 2 0 0 2 0 2 0 0 0 1 1 0 2 1 1 0 2 0 1 0 0 1 0 0 2 0 2 0 0 0 1 2 0 1 2 0 2 1 2 2 0 0 2 1 0 0 0 0 2 2 1 2 1 0 0 1 0 0 1 0 1 1 0 0 0 1 0 2 1 1 0 0 1 1 1 0 1 2 1 0 2 2 0 0 1 1 0 1 0 1 0 2 0 2 0 1 1 0 1 0 0 0 0 1 2 0 0 0 1 1 0 1 0 1 1 0 0
ind_175 0 1 2 1 0 1 0 2 1 1 2 1 2 1 1 0 2 0 0 0 2 2 0 1 1 0 1 0 1 0 0 1 0 1 1 0 0 0 2 1 0 0 1 0 2 2 2 0 0 2 2 0 1 0 2 0 1 0 2 0 1 0 1 2 2 0 0 0 0 0 0 2 0 0 2 0 0 0 2 0 0 0 0 2 0 0 2 0 2 0 0 0 1 1 0 2 1 1 0 2 0 1 0 0 1 0 0 2 0 2 0 0 0 1 1 1 1 2 0 2 1 2 2 0 0 2 1 0 0 0 0 2 2 1 2 1 0 0 1 0 0 1 0 1 1 0 0 0 1 0 2 1 1 0 0 1 1 1 0 1 2 1 0 2 2 0 0 1 1 0 1 0 1 0 2 0 2 0 1 0 0 1 1 0 1 1 2 2 0 0 1 1 1 0 2 1 0 1 0 0
ind_176 0 2 1 1 0 0 1 1 1 0 2 2 2 1 1 0 2 0 0 0 2 2 1 1 1 0 1 0 1 0 0 1 0 1 1 0 0 0 2 1 0 0 1 0 2 2 2 0 0 2 2 0 1 0 2 0 1 0 2 0 1 0 1 2 2 0 0 0 0 0 0 2 0 0 2 0 0 0 2 0 0 0 0 2 0 0 2 0 2 0 0 0 1 1 0 2 1 1 0 2 0 1 0 0 1 0 0 2 0 1 1 0 0 1 2 0 1 2 0 2 1 2 2 0 0 2 1 0 0 0 0 2 2 1 2 1 0 0 1 0 0 1 0 1 1 0 0 0 1 0 2 1 1 0 0 1 1 1 0 1 2 1 0 2 2 0 0 1 1 0 1 0 1 0 2 0 2 0 1 1 0 1 0 0 0 0 1 2 0 0 0 1 1 0 1 0 1 1 0 0
ind_177 0 1 2 0 0 2 0 1 0 1 2 1 2 2 2 0 1 0 0 0 1 2 1 1 1 0 1 0 1 2 2 0 0 1 1 1 2 0 2 0 1 1 0 0 1 2 0 0 0 1 2 1 2 0 2 0 1 1 1 0 0 0 0 0 2 0 1 0 0 1 0 1 0 1 1 2 0 0 2 0 1 0 1 1 0 2 0 0 1 1 1 0 1 0 0 2 2 1 1 1 1 1 0 0 1 0 0 2 0 1 1 0 0 0 2 0 1 1 1 2 2 1 2 0 0 2 1 0 0 0 0 1 1 2 2 1 0 0 2 0 0 1 0 1 0 2 0 0 2 1 1 0 1 0 0 2 0 1 1 1 1 2 0 1 1 0 2 2 2 1 1 0 1 1 1 1 0 0 2 0 0 1 1 0 2 1 2 2 0 0 2 2 0 0 1 2 0 1 0 0
ind_178 0 1 2 0 0 2 0 1 0 1 2 1 2 2 2 0 1 0 0 0 1 2 1 1 1 0 1 0 1 2 2 0 0 1 1 1 2 0 2 0 1 1 0 0 1 2 0 0 0 1 2 1 2 0 2 0 1 1 1 0 0 0 0 0 2 0 1 0 0 1 0 1 0 1 1 2 0 0 2 0 1 0 1 1 0 2 0 0 1 1 1 0 1 0 0 2 1 2 0 2 1 0 0 0 1 0 0 2 0 2 0 0 0 0 1 1 1 1 1 2 1 0 1 0 0 2 2 0 0 0 0 1 1 2 2 1 0 0 2 0 0 1 0 1 0 2 0 0 2 1 1 0 1 0 0 1 1 2 1 0 2 1 0 1 2 0 1 1 1 0 1 0 1 0 2 1 1 0 2 1 0 1 0 0 1 0 1 2 0 0 1 2 0 0 0 1 1 0 0 0
ind_179 0 2 1 1 0 0 1 1 1 0 2 2 2 1 1 0 2 0 0 0 2 2 1 1 1 0 1 0 1 0 0 1 0 2 2 1 1 0 2 0 1 1 1 0 2 2 1 0 0 1 2 0 2 0 2 0 1 0 2 0 1 0 1 2 2 0 0 0 0 0 0 2 0 0 2 0 0 0 2 0 0 0 0 2 0 0 2 0 2 0 0 0 1 1 0 2 1 1 0 2 0 1 0 0 1 0 0 2 0 2 0 0 0 1 1 1 1 2 0 2 0 1 1 0 0 2 2 0 0 0 0 2 2 1 2 1 0 0 1 0 0 0 0 0 0 1 0 0 2 1 1 1 1 0 0 2 0 0 0 2 1 2 0 2 1 0 1 2 2 1 1 0 1 1 1 1 0 0 2 0 0 1 1 0 2 1 2 2 0 0 2 2 0 0 1 2 0 0 0 0
ind_180 0 2 1 1 0 0 1 1 1 0 2 2 2 1 1 0 2 0 0 0 2 2 1 1 1 0 1 0 1 0 0 1 0 1 1 0 0 0 2 1 0 0 1 0 2 2 2 0 0 2 2 0 1 0 2 0 1 0 2 0 1 0 1 2 2 0 0 0 0 0 0 2 0 0 2 0 0 0 2 0 0 0 0 2 0 0 2 0 2 0 0 0 1 1 0 2 1 1 0 2 0 1 0 0 1 0 0 2 0 2 0 0 0 1 1 1 1 2 0 2 0 1 1 0 0 2 2 0 0 0 0 2 2 1 2 1 0 0 1 0 0 0 0 0 0 1 0 0 2 1 1 1 1 0 0 2 0 0 0 2 1 2 0 2 1 0 1 2 2 1 1 0 1 1 1 0 1 0 1 0 0 1 1 0 1 1 2 2 0 0 1 1 1 0 2 1 0 1 0 0
ind_181 0 2 1 1 0 0 1 1 1 0 2 2 2 1 1 0 2 0 0 0 2 2 1 1 1 0 1 0 2 1 1 0 0 0 0 0 1 0 2 1 0 0 0 0 1 2 1 0 0 2 2 0 1 0 2 0 0 1 1 0 1 0 0 1 2 0 1 0 0 1 0 1 0 1 2 1 0 0 2 0 1 0 1 2 0 1 1 0 1 0 0 0 1 0 0 2 1 2 0 2 1 0 0 0 1 0 0 2 0 2 0 0 0 0 1 1 1 1 1 2 1 0 1 0 0 2 2 0 0 0 0 1 1 2 2 1 0 0 2 0 0 1 0 1 0 2 0 0 2 1 1 0 1 0 0 2 0 1 1 1 1 2 0 1 1 0 2 2 2 1 1 0 1 1 1 1 0 0 2 0 0 1 1 0 2 1 2 2 0 0 2 2 0 0 1 2 0 0 0 0
ind_182 0 1 2 1 0 1 0 2 1 1 2 1 2 1 1 0 2 0 0 0 1 2 1 1 1 0 1 0 1 2 2 0 0 1 1 1 2 0 2 0 1 1 0 0 1 2 0 0 0 1 2 1 2 0 2 0 1 1 1 0 0 0 0 0 2 0 1 0 0 1 0 1 0 1 1 2 0 0 2 0 1 0 1 1 0 2 0 0 1 1 1 0 1 0 0 2 2 1 1 1 1 1 0 0 1 0 0 2 0 2 0 0 0 0 1 1 1 1 1 2 1 0 1 0 0 2 2 0 0 0 0 1 1 2 2 1 0 0 2 0 0 1 0 1 0 2 0 0 2 1 1 0 1 0 0 2 0 1 1 1 1 2 0 1 1 0 2 2 2 1 1 0 1 1 1 1 0 0 2 0 0 1 1 0 2 1 2 2 0 0 2 2 0 0 1 2 0 0 0 0
ind_183 0 2 1 1 0 0 1 1 1 0 2 2 2 1 1 0 2 0 0 0 2 2 1 1 1 0 1 0 1 0 0 1 0 1 1 0 0 0 2 1 0 0 1 0 2 2 2 0 0 2 2 0 1 0 2 0 1 0 2 0 1 0 1 2 2 0 0 0 0 0 0 2 0 0 2 0 0 0 2 0 0 0 0 2 0 0 2 0 2 0 0 0 1 1 0 2 1 1 0 2 0 1 0 0 1 0 0 2 0 2 0 0 0 1 1 1 1 2 0 2 0 1 1 0 0 2 2 0 0 0 0 2 2 1 2 1 0 0 1 0 0 0 0 0 0 1 0 0 2 1 1 1 1 0 0 2 0 0 0 2 1 2 0 2 1 0 1 2 2 1 1 0 1 1 1 0 1 0 1 0 0 1 1 0 1 1 2 2 0 0 1 1 1 0 2 1 0 1 0 0
ind_184 0 1 2 1 0 1 0 2 1 1 2 1 2 2 2 0 1 0 0 0 1 2 1 1 1 0 1 0 1 2 2 0 0 1 1 1 2 0 2 0 1 1 0 0 1 2 0 0 0 1 2 1 2 0 2 0 1 1 1 0 0 0 0 0 2 0 1 0 0 1 0 1 0 1 1 2 0 0 2 0 1 0 1 1 0 2 0 0 1 1 1 0 1 0 0 2 2 1 1 1 1 1 0 0 1 0 0 2 0 1 1 0 0 0 2 0 1 1 1 2 2 1 2 0 0 2 1 0 0 0 0 1 1 2 2 1 0 0 2 0 0 1 0 1 0 2 0 0 2 1 1 0 1 0 0 2 0 1 1 1 1 2 0 1 1 0 2 2 2 1 1 0 1 1 1 1 0 0 2 0 0 1 1 0 2 1 2 2 0 0 2 2 0 0 1 2 0 0 0 0
ind_185 0 1 2 0 0 2 0 1 0 1 2 1 2 2 2 0 1 0 0 0 1 2 1 1 1 0 1 0 1 2 2 0 0 1 1 1 2 0 2 0 1 1 0 0 1 2 0 0 0 1 2 1 2 0 2 0 1 1 1 0 0 0 0 0 2 0 1 0 0 1 0 1 0 1 1 2 0 0 2 0 1 0 1 1 0 2 0 0 1 1 1 0 1 0 0 2 2 1 1 1 1 1 0 0 1 0 0 2 0 1 1 0 0 0 2 0 1 1 1 2 2 1 2 0 0 2 1 0 0 0 0 1 1 2 2 1 0 0 2 0 0 2 0 2 1 1 0 0 1 0 2 0 1 0 0 1 1 2 1 0 2 1 0 1 2 0 1 1 1 0 1 0 1 0 2 1 1 0 2 1 0 1 0 0 1 0 1 2 0 0 1 2 0 0 0 1 1 0 0 0
ind_186 0 1 2 0 0 2 0 2 1 1 2 1 2 1 1 0 2 0 0 0 2 2 0 1 1 0 0 0 0 1 1 1 0 2 2 1 1 0 2 0 1 1 1 0 2 2 1 0 0 1 2 0 2 0 2 0 2 0 2 0 0 0 1 1 2 0 0 0 0 0 0 2 0 0 1 1 0 0 2 0 0 0 0 1 0 1 1 0 2 1 1 0 1 1 0 2 2 0 1 1 0 2 0 0 1 0 0 2 0 1 1 0 0 0 2 0 1 1 1 2 2 1 2 0 0 2 1 0 0 0 0 1 1 2 2 1 0 0 2 0 0 2 0 2 1 1 0 0 1 0 2 0 1 0 0 1 1 2 1 0 2 1 0 1 2 0 1 1 1 0 1 0 1 0 2 1 1 0 2 1 0 1 0 0 1 0 1 2 0 0 1 2 0 0 0 1 1 0 0 0
ind_187 0 1 2 1 0 1 0 2 1 1 2 1 2 1 1 0 2 0 0 0 2 2 0 1 1 0 0 0 0 1 1 1 0 2 2 1 1 0 2 0 1 1 1 0 2 2 1 0 0 1 2 0 2 0 2 0 2 0 2 0 0 0 1 1 2 0 0 0 0 0 0 2 0 0 2 0 0 0 2 0 0 0 0 2 0 0 2 0 2 0 0 0 1 1 0 2 1 1 0 2 0 1 0 0 1 0 0 2 0 2 0 0 0 1 1 1 1 2 0 2 0 1 1 0 0 2 2 0 0 0 0 2 2 1 2 1 0 0 1 0 0 0 0 0 0 1 0 0 2 1 1 1 1 0 0 2 0 0 0 2 1 2 0 2 1 0 1 2 2 1 1 0 1 1 1 0 1 0 1 0 0 1 1 0 1 1 2 2 0 0 1 1 1 0 2 1 0 1 0 0
ind_188 0 1 2 0 0 2 0 1 0 1 2 1 2 2 2 0 1 0 0 0 1 2 1 1 1 0 1 0 1 2 2 0 0 1 1 1 2 0 2 0 1 1 0 0 1 2 0 0 0 1 2 1 2 0 2 0 1 1 1 0 0 0 0 0 2 0 1 0 0 1 0 1 0 1 1 2 0 0 2 0 1 0 1 1 0 2 0 0 1 1 1 0 1 0 0 2 2 1 1 1 1 1 0 0 1 0 0 2 0 1 1 0 0 0 2 0 1 1 1 2 2 1 2 0 0 2 1 0 0 0 0 1 1 2 2 1 0 0 2 0 0 2 0 2 1 1 0 0 1 0 2 0 1 0 0 1 1 2 1 0 2 1 0 1 2 0 1 1 1 0 1 0 1 0 2 1 1 0 2 1 0 1 0 0 1 0 1 2 0 0 1 2 0 0 0 1 1 0 0 0
ind_189 0 2 1 0 0 1 1 0 0 0 2 2 2 2 2 0 1 0 0 0 1 2 1 1 1 0 1 0 1 2 2 0 0 1 1 1 2 0 2 0 1 1 0 0 1 2 0 0 0 1 2 1 2 0 2 0 1 1 1 0 0 0 0 0 2 0 1 0 0 1 0 1 0 1 1 2 0 0 2 0 1 0 1 1 0 2 0 0 1 1 1 0 1 0 0 2 2 1 1 1 1 1 0 0 1 0 0 2 0 1 1 0 0 0 2 0 1 1 1 2 2 1 2 0 0 2 1 0 0 0 0 1 1 2 2 1 0 0 2 0 0 1 0 1 1 1 0 0 1 0 2 0 1 0 0 1 1 2 1 0 2 1 0 1 2 0 1 1 1 0 1 0 1 0 2 1 1 0 2 1 0 1 0 0 1 0 1 2 0 0 1 2 0 0 0 1 1 0 0 0
ind_190 0 2 1 0 0 1 1 0 0 0 2 2 2 2 2 0 1 0 0 0 1 2 2 1 1 0 2 0 2 1 1 0 0 0 0 0 1 0 2 1 0 0 0 0 1 2 1 0 0 2 2 1 1 0 2 0 0 1 1 0 1 0 0 1 2 0 1 0 0 1 0 1 0 1 2 1 0 0 2 0 1 0 1 2 0 1 1 0 1 0 0 0 1 0 0 2 1 2 0 2 1 0 0 0 1 0 0 2 0 2 0 0 0 0 1 1 1 1 1 2 1 0 1 0 0 2 2 0 0 0 0 1 1 2 2 1 0 0 2 0 0 1 0 1 0 2 0 0 2 1 1 0 1 0 0 2 0 1 1 1 1 2 0 1 1 0 2 2 2 1 1 0 1 1 1 1 1 0 1 0 0 1 1 0 1 1 2 2 0 0 1 1 0 0 1 2 0 0 0 0
ind_191 0 2 1 0 0 0 2 0 0 0 2 2 1 1 2 0 1 0 0 0 1 1 2 1 2 0 0 1 0 0 0 0 0 1 1 0 1 1 0 0 1 0 0 0 1 2 2 0 0 1 2 0 2 0 2 1 1 0 2 1 0 0 0 0 1 1 2 0 0 2 0 2 0 0 2 1 1 1 1 0 0 1 1 2 0 1 0 0 1 0 0 0 0 2 0 2 1 2 1 1 0 1 0 0 0 0 0 2 1 2 1 0 0 2 2 1 0 2 1 2 1 1 2 0 2 0 2 2 1 0 0 1 1 1 2 1 0 0 1 1 1 2 0 2 2 0 0 0 1 0 1 1 1 0 0 1 1 1 0 1 1 1 0 2 2 0 1 0 1 1 1 0 0 1 2 2 1 0 1 0 1 1 1 0 2 0 2 2 0 0 1 2 0 0 0 2 0 0 1 0
ind_192 0 2 1 0 0 0 2 0 0 0 2 2 1 1 2 0 1 0 0 0 1 1 2 1 2 0 0 1 0 0 0 0 0 1 1 0 1 1 0 0 1 0 0 0 1 2 2 0 0 1 2 0 2 0 2 1 1 0 2 0 1 0 0 1 1 2 1 0 0 1 1 1 0 1 2 1 0 1 2 0 0 1 1 1 1 2 1 1 0 1 0 0 1 0 1 2 0 2 0 1 1 0 0 1 1 1 0 2 1 1 1 0 0 1 1 1 1 2 0 1 1 1 2 0 2 0 2 2 1 0 0 1 1 1 2 1 0 0 1 1 1 2 0 2 2 0 0 0 1 0 1 1 1 0 0 1 1 1 0 1 1 1 0 2 2 0 1 0 1 1 1 0 0 1 2 2 1 0 1 0 1 1 1 0 2 0 2 2 0 0 1 2 0 0 0 2 0 0 1 0
ind_193 0 2 1 0 0 0 2 0 0 0 2 2 1 1 2 0 1 0 0 0 1 1 2 1 2 0 0 1 0 0 0 0 0 1 1 0 1 1 0 0 1 0 0 0 1 2 2 0 0 1 2 0 2 0 2 1 1 0 2 1 0 0 0 0 1 1 1 0 0 2 0 2 0 0 2 2 2 2 1 0 1 1 1 1 1 1 0 0 0 1 0 0 0 1 0 2 1 2 1 1 0 2 0 0 1 0 0 1 2 2 0 0 0 1 0 2 2 2 0 1 1 0 1 1 0 2 0 0 0 0 0 2 2 2 2 0 0 0 2 1 0 2 0 1 1 1 0 1 1 0 1 0 1 0 0 0 1 1 0 0 2 0 0 2 1 0 1 1 1 0 2 0 2 1 1 2 0 0 1 0 0 1 0 0 1 0 2 2 0 0 1 1 0 1 1 1 0 1 0 1
ind_194 0 1 0 0 0 1 1 0 0 0 2 0 2 0 0 0 0 0 0 1 2 2 1 1 2 1 1 0 2 2 2 0 0 0 0 0 2 1 2 1 0 0 1 0 2 2 2 1 1 2 2 0 1 0 2 1 0 0 1 0 1 0 0 1 2 1 0 0 0 1 1 1 0 1 2 2 1 2 2 0 1 1 1 0 2 2 1 1 0 1 0 0 1 0 1 2 0 2 0 1 1 0 0 1 1 1 0 2 1 1 1 0 0 1 0 2 2 2 0 1 1 0 1 1 0 2 0 0 0 0 0 2 2 2 2 0 0 0 2 1 0 2 0 1 1 1 0 1 1 0 1 0 1 0 0 0 1 1 0 0 2 0 0 2 1 0 1 1 1 0 2 0 2 1 1 2 0 0 1 0 0 1 0 0 1 0 2 2 0 0 1 1 0 1 1 1 0 1 0 1
ind_195 0 1 0 0 0 1 1 0 0 0 2 0 2 0 0 0 0 0 0 1 2 2 1 1 2 1 1 0 2 2 2 0 0 0 0 0 2 1 2 1 0 0 1 0 2 2 2 1 1 2 2 0 1 0 2 1 0 0 1 0 1 0 0 1 2 1 0 0 0 1 1 1 0 1 2 2 2 2 1 0 1 1 1 1 1 1 0 0 0 1 0 0 0 1 0 2 1 2 1 1 0 2 0 0 1 0 0 2 1 2 1 0 0 2 2 1 0 2 1 2 1 1 2 0 2 0 2 2 1 0 0 1 1 1 2 1 0 0 1 1 1 2 0 2 2 0 0 0 1 0 1 1 1 0 0 1 1 1 0 1 1 1 0 2 2 0 1 0 1 1 1 0 0 1 2 2 1 0 1 0 1 1 1 0 2 0 2 2 0 0 1 2 0 0 0 2 0 0 1 0
ind_196 0 1 0 0 0 1 1 0 0 0 2 0 2 0 0 0 0 0 0 1 2 2 1 1 2 1 1 0 2 2 2 0 0 0 0 0 2 1 2 1 0 0 1 0 2 2 2 1 1 2 2 0 1 0 2 1 0 0 1 0 1 0 0 1 2 1 0 0 0 1 1 1 0 1 2 2 1 2 2 0 1 1 1 0 2 2 1 1 0 1 0 0 1 0 1 2 0 2 0 1 1 1 0 1 2 1 0 1 2 1 0 0 0 1 0 2 2 2 0 1 1 0 1 1 0 2 0 0 0 0 0 2 2 2 2 1 0 0 1 1 1 2 0 2 2 0 0 0 0 0 2 1 2 0 0 0 2 2 0 0 2 0 0 2 2 0 0 0 0 1 2 0 1 1 1 2 1 0 0 0 1 1 1 0 1 0 2 2 0 0 1 1 0 1 1 1 0 0 1 0
ind_197 0 2 1 0 0 0 2 0 0 0 2 2 1 1 2 0 1 0 0 0 1 1 2 1 2 0 0 1 0 0 0 0 0 1 1 0 1 1 0 0 1 0 0 0 1 2 2 0 0 1 2 0 2 0 2 1 1 0 2 1 0 0 0 0 1 1 2 0 0 2 0 2 0 0 2 1 1 1 1 0 0 1 1 2 0 1 0 0 1 0 0 0 0 2 0 2 1 2 1 1 0 1 0 0 0 0 0 2 1 2 1 0 0 2 2 1 0 2 1 2 1 1 2 0 2 0 2 2 1 0 0 1 1 1 2 1 0 0 1 1 1 2 0 2 2 0 0 0 1 0 1 1 1 0 0 1 1 1 0 1 1 1 0 2 2 0 1 0 1 1 1 0 0 1 2 2 1 0 1 0 1 1 1 0 2 0 2 2 0 0 1 2 0 0 0 2 0 0 1 0
ind_198 0 1 1 0 0 0 1 0 0 0 2 1 1 0 1 0 0 0 0 1 1 1 1 1 2 1 0 0 1 1 1 0 0 1 1 0 1 1 0 0 1 0 0 0 1 2 2 0 0 1 2 0 2 0 2 1 1 0 2 1 0 0 0 0 1 1 2 0 0 2 0 2 0 0 2 1 1 1 1 0 0 1 1 2 0 1 0 0 1 0 0 0 0 2 0 2 1 2 1 1 0 1 0 0 0 0 0 2 1 2 1 0 0 2 2 1 0 2 1 2 1 1 2 0 2 0 2 2 1 0 0 1 1 1 2 1 0 0 1 1 0 2 0 1 1 1 0 1 2 0 0 0 0 0 0 1 0 0 0 1 1 1 0 2 1 0 2 1 2 0 1 0 1 1 2 2 0 0 2 0 0 1 0 0 2 0 2 2 0 0 1 2 0 0 0 2 0 0 0 0
ind_199 0 1 0 0 0 1 2 0 0 0 2 1 2 1 1 0 1 0 0 0 2 2 2 1 2 0 1 1 1 1 1 0 0 0 0 0 2 1 2 1 0 0 1 0 2 2 2 1 0 2 2 0 2 0 2 1 1 0 2 0 1 0 0 1 1 2 1 0 0 1 1 1 0 1 2 1 0 1 2 0 0 1 1 1 1 2 1 1 1 0 0 0 1 1 1 2 0 2 0 1 1 0 0 1 1 1 0 2 1 1 1 0 0 1 1 1 1 2 0 1 1 1 1 1 1 1 1 1 0 0 0 2 2 1 2 0 0 0 2 1 0 2 0 1 1 1 0 1 2 0 0 0 0 0 0 1 0 0 0 1 1 1 0 2 1 0 2 1 2 0 1 0 1 1 2 2 0 0 2 0 0 1 0 0 2 0 2 2 0 0 1 2 0 0 0 2 0 0 0 0
ind_200 0 2 0 0 0 1 2 0 0 0 2 1 2 1 1 0 1 0 0 0 2 2 2 1 2 0 1 1 1 1 1 0 0 1 1 0 2 0 1 0 1 0 0 0 2 2 2 0 1 1 2 0 1 0 2 1 0 0 1 1 0 0 0 0 2 0 1 0 0 2 0 2 0 0 2 2 2 2 1 0 1 1 1 1 1 1 0 0 0 1 0 0 0 1 0 2 1 2 1 1 0 2 0 0 1 0 0 1 2 2 0 0 0 2 1 2 1 2 1 2 1 0 2 0 1 1 1 1 1 0 0 1 1 2 2 1 0 0 1 1 1 2 0 2 2 0 0 0 0 0 2 1 2 0 0 0 2 2 0 0 2 0 0 2 2 0 0 0 0 1 2 0 1 1 1 2 1 0 0 0 0 1 0 0 1 0 2 2 0 0 1 1 0 1 1 1 0 1 0 1
ind_201 0 2 1 0 0 0 2 0 0 0 2 2 1 1 2 0 1 0 0 0 1 1 2 1 2 0 0 1 0 0 0 0 0 1 1 0 1 1 0 0 1 0 0 0 1 2 2 0 0 1 2 0 2 0 2 1 1 0 2 1 0 0 0 0 1 1 2 0 0 2 0 2 0 0 2 1 1 1 1 0 0 1 1 2 0 1 0 0 1 0 0 0 0 2 0 2 1 2 1 1 0 1 0 0 0 0 0 2 1 2 1 0 0 2 2 1 0 2 1 2 1 1 2 0 2 0 2 2 1 0 0 1 1 1 2 1 0 0 1 1 1 2 0 2 2 0 0 0 1 0 2 1 2 0 0 0 2 2 0 0 2 0 0 2 2 0 0 0 0 1 2 0 1 1 1 2 1 0 0 0 1 1 1 0 1 0 2 2 0 0 1 1 0 1 1 1 0 1 1 1
ind_202 0 2 1 0 0 0 2 0 0 0 2 2 1 1 2 0 1 0 0 0 1 1 2 1 2 0 0 1 0 0 0 0 0 1 1 0 1 1 0 0 1 0 0 0 1 2 2 0 1 1 2 0 1 0 2 1 0 0 1 1 0 0 0 0 2 0 1 0 0 2 0 2 0 0 2 2 2 2 1 0 1 1 1 1 1 1 0 0 0 1 0 0 0 1 0 2 1 2 1 1 0 2 0 0 1 0 0 1 2 2 0 0 0 2 1 2 1 2 1 2 1 0 2 0 1 1 1 2 1 0 0 1 1 1 2 0 0 0 2 1 0 2 0 1 1 1 0 1 2 0 0 0 0 0 0 1 0 0 0 1 1 1 0 2 1 0 2 1 2 0 1 0 1 1 1 2 0 0 1 0 0 1 0 0 1 0 2 2 0 0 1 1 0 1 1 1 0 1 1 1
ind_203 0 1 1 0 0 1 1 0 0 0 2 0 2 0 0 0 0 0 0 1 2 2 1 1 2 1 1 0 2 2 2 0 0 0 0 0 1 2 1 1 0 0 1 0 1 2 2 1 0 2 2 0 2 0 2 1 1 0 2 0 1 0 0 1 1 2 1 0 0 1 1 1 0 1 2 1 0 1 2 0 0 1 1 1 1 2 1 1 1 0 0 0 1 1 1 2 0 2 0 1 1 0 0 1 1 1 0 2 1 1 1 0 0 1 1 1 1 2 0 1 1 1 1 1 1 1 1 1 0 0 0 2 2 1 2 0 0 0 2 1 0 2 0 1 1 1 0 1 2 0 0 0 0 0 0 1 0 0 0 1 1 1 0 2 1 0 2 1 2 0 1 0 1 1 2 2 0 0 2 0 0 1 0 0 2 0 2 2 0 0 1 1 0 1 1 1 0 1 0 1
ind_204 0 1 0 0 0 1 1 0 0 0 2 0 2 0 0 0 0 0 0 1 2 2 1 1 2 1 1 0 1 1 1 0 0 1 1 0 2 0 1 0 1 0 0 0 2 2 2 0 1 1 2 0 1 0 2 1 0 0 1 1 0 0 0 0 2 0 1 0 0 2 0 2 0 0 2 2 2 2 1 0 1 1 1 1 1 1 0 0 0 1 0 0 0 1 0 2 1 2 1 1 0 2 0 0 1 0 0 1 2 2 0 0 0 1 0 2 2 2 0 1 1 0 1 1 0 2 0 0 0 0 0 2 2 2 2 0 0 0 2 1 0 2 0 1 1 1 0 1 1 0 1 0 1 0 0 0 1 1 0 0 2 0 0 2 1 0 1 1 1 0 2 0 2 1 1 2 0 0 1 0 0 1 0 0 1 0 2 2 0 0 1 2 0 0 0 2 0 0 0 0
ind_205 0 1 0 0 0 1 1 0 0 0 2 0 2 0 0 0 0 0 0 1 2 2 1 1 2 1 1 0 2 2 2 0 0 0 0 0 2 1 2 1 0 0 1 0 2 2 2 1 1 2 2 0 1 0 2 1 0 0 1 0 1 0 0 1 2 1 0 0 0 1 1 1 0 0 2 2 2 2 1 0 1 1 1 1 1 1 0 0 0 1 0 0 0 1 0 2 1 2 1 1 0 2 0 0 1 0 0 1 2 2 0 0 0 2 1 2 1 2 1 2 1 0 2 0 1 1 1 1 1 0 0 2 2 2 2 0 0 0 2 1 0 2 0 1 1 1 0 1 1 0 1 0 1 0 0 0 1 1 0 0 2 0 0 2 1 0 1 1 1 0 2 0 2 1 1 2 0 0 1 0 0 1 0 0 1 0 2 2 0 0 1 1 0 1 1 1 0 1 0 1
ind_206 0 2 0 0 0 1 2 0 0 0 2 1 2 1 1 0 1 0 0 0 2 2 2 1 2 0 1 1 1 1 1 0 0 1 1 0 1 1 0 0 1 0 0 0 1 2 2 0 0 1 2 0 2 0 2 1 1 0 2 1 0 0 0 0 1 1 2 0 0 2 0 2 0 0 2 1 1 1 1 0 0 1 1 2 0 1 0 0 1 0 0 0 0 2 0 2 1 2 1 1 0 1 0 0 0 0 0 2 1 2 1 0 0 2 2 1 0 2 1 2 1 1 2 0 2 0 2 2 1 0 0 1 1 1 2 1 0 0 1 1 1 2 0 2 2 0 0 0 1 0 1 1 1 0 0 1 1 1 0 1 1 1 0 2 2 0 1 0 1 1 1 0 0 1 2 2 1 0 1 0 1 1 1 0 2 0 2 2 0 0 1 2 0 0 0 2 0 0 1 0
ind_207 0 2 1 0 0 0 2 0 0 0 2 2 1 1 2 0 1 0 0 0 1 1 2 1 2 0 0 1 0 0 0 0 0 1 1 0 1 1 0 0 1 0 0 0 1 2 2 0 0 1 2 0 2 0 2 1 1 0 2 1 0 0 0 0 1 1 2 0 0 2 0 2 0 0 2 1 1 1 1 0 0 1 1 2 0 1 0 0 1 0 0 0 0 2 0 2 1 2 1 1 0 1 0 0 0 0 0 2 1 2 1 0 0 1 1 1 1 2 0 1 1 1 1 1 1 1 1 1 0 0 0 2 2 1 2 0 0 0 2 1 0 2 0 1 1 1 0 1 1 0 1 0 1 0 0 0 1 1 0 0 2 0 0 2 1 0 1 1 1 0 2 0 2 1 1 2 0 0 1 0 0 1 0 0 1 0 2 2 0 0 1 2 0 0 0 2 0 0 0 0
ind_208 0 2 1 0 0 0 2 0 0 0 2 2 1 1 2 0 1 0 0 0 1 1 2 1 2 0 0 1 0 0 0 0 0 1 1 0 1 1 0 0 1 0 0 0 1 2 2 0 0 1 2 0 2 0 2 1 1 0 2 1 0 0 0 0 1 1 2 0 0 2 0 2 0 0 2 1 1 1 1 0 0 1 1 2 0 1 0 0 1 0 0 0 0 2 0 2 1 2 1 1 0 1 0 0 0 0 0 2 1 2 1 0 0 1 1 1 1 2 0 1 1 1 2 0 2 0 2 2 1 0 0 1 1 2 2 1 0 0 1 1 1 2 0 2 2 0 0 0 0 0 2 1 2 0 0 0 2 2 0 0 2 0 0 2 2 0 0 0 0 1 2 0 1 1 1 2 1 0 0 0 1 1 1 0 2 0 2 2 0 0 1 2 0 0 0 2 0 0 1 0
ind_209 0 1 0 0 0 1 1 0 0 0 2 0 2 0 0 0 0 0 0 1 2 2 1 1 2 1 1 0 2 2 2 0 0 0 0 0 2 1 2 1 0 0 1 0 2 2 2 1 1 2 2 0 1 0 2 1 0 0 1 0 1 0 0 1 2 1 0 0 0 1 1 1 0 1 2 2 1 2 2 0 1 1 1 0 2 2 1 1 0 1 0 0 1 0 1 2 0 2 0 1 1 1 0 1 2 1 0 1 2 1 0 0 0 1 0 2 2 2 0 1 1 0 1 1 0 2 0 0 0 0 0 2 2 2 2 0 0 0 2 1 0 2 0 1 1 1 0 1 1 0 1 0 1 0 0 0 2 2 0 0 2 0 0 2 2 0 0 0 0 1 2 0 1 1 1 2 1 0 0 0 1 1 1 0 1 0 2 2 0 0 1 1 0 1 1 1 0 1 1 1
ind_210 0 2 0 0 0 1 2 0 0 0 2 1 2 1 1 0 1 0 0 0 2 2 2 1 2 0 1 1 1 1 1 0 0 1 1 0 2 0 1 0 1 0 0 0 2 2 2 0 1 1 2 0 1 0 2 1 0 0 1 0 1 0 0 1 2 1 0 0 0 1 1 1 0 1 2 2 1 2 2 0 1 1 1 0 2 2 1 1 0 1 0 0 1 0 1 2 0 2 0 1 1 1 0 1 2 1 0 1 2 1 0 0 0 1 0 2 2 2 0 1 1 0 1 1 0 2 0 0 0 0 0 2 2 2 2 0 0 0 2 1 0 2 0 1 2 0 0 0 0 0 2 1 2 0 0 0 2 2 0 0 2 0 0 2 2 0 0 0 0 1 2 0 1 1 1 2 1 0 0 0 1 1 1 0 1 0 2 2 0 0 1 1 0 1 1 1 0 1 1 1
