ind_101 0 1 1 0 0 0 2 0 2 1 0 0 0 0 0 0 0 0 1 0 0 0 0 1 1 3 0 0 2 1 1 0 0 1 0 3 0 0 1 2 0 1 0 2 0 0 0 0 0 0 0 1 1 0 0 0 3 0 1 0 2 1 1 0 0 0 1 1 2 1 1 1 0 2 0 0 0 0 0 2 0 2 0 0 1 1 2 2 0 2 0 0 0 0 1 0 2 0 2 0 1 1 1 0 0 0 0 1 1 0 0 1 1 0 0 0 1 0 0 2 0 2 0 1 1 0 1 1 1 1 1 0 0 0 0 0 2 2 0 0 0 0 1 0 0 0 2 0 2 0 0 1 1 1 2 0 1 1 2 0 0 1 6 0 2 1 0 0 0 2 0 1 0 1 0 2 0 2 2 1 2 1 1 3 1 0 1 0 0 2 1 0 0 1 0 1 1 3 1 0
ind_101 0 0 0 0 0 0 0 0 0 0 1 2 1 1 1 0 0 0 0 0 1 2 0 0 0 1 2 0 0 1 0 0 0 0 0 0 0 1 1 0 0 0 0 0 0 0 4 0 0 1 0 0 0 0 1 1 0 0 0 0 1 0 0 0 4 0 0 0 0 2 0 0 1 0 2 0 0 1 1 0 2 0 0 0 0 0 2 0 0 0 0 0 0 0 0 0 1 3 0 4 0 0 0 0 2 0 1 0 2 0 0 0 2 1 0 3 0 1 2 1 1 0 2 0 0 2 0 0 0 0 0 0 0 0 1 0 0 0 1 0 0 0 0 0 0 1 0 0 0 0 1 0 1 0 0 0 0 0 0 1 3 0 0 0 0 0 1 0 1 0 1 0 1 0 3 0 0 0 0 0 0 0 0 0 0 0 0 0 0 0 0 0 0 0 1 1 0 0 0 0
ind_102 0 0 0 1 0 0 1 0 1 1 0 0 1 0 0 0 2 0 0 1 0 0 0 0 1 1 0 1 0 0 0 1 1 0 0 0 1 0 1 1 2 0 0 3 0 0 0 4 1 0 0 1 1 0 0 1 1 0 0 2 0 0 0 0 0 0 2 0 0 1 0 0 2 1 0 0 0 0 0 1 1 1 1 2 1 0 0 0 2 0 0 0 0 2 1 0 1 0 0 2 0 0 1 3 0 1 1 0 0 0 1 1 3 1 1 0 0 0 1 0 1 0 0 1 0 1 0 1 0 0 0 1 1 1 1 0 0 1 0 0 0 1 3 2 0 0 3 2 0 1 1 1 0 2 0 0 4 0 1 0 0 0 2 0 0 1 0 0 0 2 1 0 2 0 4 0 0 0 0 0 1 0 0 0 2 1 0 0 1 0 0 0 1 0 0 0 1 3 1 2
ind_102 0 1 0 0 0 0 1 0 0 0 0 0 2 3 1 0 0 0 0 0 2 0 1 0 0 1 0 0 0 0 0 0 0 0 0 0 0 0 0 1 0 0 0 0 1 0 0 0 0 2 0 0 0 0 0 0 0 0 0 0 0 0 0 0 2 0 0 0 0 0 0 2 0 0 0 0 1 1 1 0 0 0 0 0 0 0 1 1 0 0 1 0 1 0 0 1 0 1 0 1 0 0 0 0 0 0 0 2 0 1 0 0 0 0 1 3 1 0 0 0 0 1 1 0 0 2 1 0 0 0 0 1 0 1 0 0 0 0 1 0 0 0 0 1 0 0 0 0 0 0 0 1 1 0 1 0 0 1 0 3 0 0 0 0 1 0 0 0 2 1 0 0 0 3 1 0 2 0 1 0 0 1 0 0 0 1 3 3 0 0 0 0 0 0 3 1 0 0 0 0
ind_103 3 0 2 1 1 0 0 2 0 2 0 0 0 0 0 1 0 0 0 0 0 0 1 0 0 0 0 0 1 6 2 0 0 0 0 2 1 2 0 0 0 1 1 2 0 0 0 4 0 0 0 2 0 0 0 0 0 3 0 0 0 1 0 1 0 2 1 0 0 0 2 0 0 2 0 0 4 2 2 4 1 0 1 0 3 1 0 3 0 0 2 2 0 1 1 0 1 0 2 1 1 0 0 1 0 1 1 0 1 0 0 1 0 1 0 1 1 1 0 0 0 0 0 1 0 1 0 1 2 0 0 0 0 1 0 2 0 1 0 0 1 0 0 0 0 0 0 0 0 1 1 1 1 1 0 0 0 2 0 3 0 1 0 0 0 3 1 0 0 0 0 1 0 0 1 0 0 1 0 0 0 1 1 1 1 1 1 0 1 0 1 0 1 0 0 0 2 1 1 0
ind_103 0 1 0 0 0 0 3 0 0 0 2 1 0 0 0 0 1 0 0 0 2 2 1 0 1 0 0 1 0 0 0 0 0 0 1 0 0 0 2 0 1 0 0 0 0 1 0 0 0 0 2 0 0 0 1 0 0 0 0 0 0 0 0 0 1 0 0 2 0 0 0 0 0 0 3 1 1 1 0 0 0 2 2 0 0 1 1 0 1 0 0 0 0 1 2 1 0 1 0 2 0 1 0 0 0 0 0 2 0 0 2 0 0 0 4 0 0 1 0 1 0 0 2 0 1 2 0 0 0 0 0 2 1 0 0 0 0 0 0 0 0 0 0 0 0 1 0 2 1 0 0 0 0 0 2 0 0 0 0 0 0 1 0 1 0 1 0 1 0 0 0 0 0 0 1 2 0 0 1 0 0 0 0 0 0 0 0 2 0 0 0 0 0 0 0 0 0 0 0 0
ind_104 1 1 0 0 1 2 1 0 0 0 0 0 0 0 0 2 0 1 4 2 0 0 1 0 0 0 0 1 0 0 0 2 0 1 0 0 0 3 0 0 2 0 1 2 0 0 0 0 1 2 0 0 1 2 0 1 1 0 0 2 0 1 2 0 0 1 4 1 2 0 0 0 1 3 1 1 0 1 0 4 1 0 0 0 0 0 0 1 0 2 0 1 0 2 0 0 1 0 0 1 0 0 0 2 2 3 1 0 2 1 2 1 1 1 1 0 0 0 2 0 1 0 0 1 0 0 2 0 0 2 1 0 0 0 0 0 0 1 0 0 0 0 1 1 1 1 0 1 1 1 1 0 0 1 1 1 1 0 0 1 0 2 1 0 2 1 0 0 0 1 0 1 0 0 0 1 0 0 0 1 2 0 1 1 1 0 0 0 2 2 0 0 0 4 1 0 0 1 0 0
ind_104 0 2 1 0 0 2 0 3 0 1 0 1 1 0 1 0 1 0 0 0 0 0 0 3 0 0 0 0 1 0 0 0 0 0 0 0 0 0 2 2 1 1 0 0 0 0 2 0 0 0 1 0 0 0 0 0 2 0 0 0 0 0 0 0 1 0 0 0 0 0 0 1 0 0 0 0 0 0 2 0 0 0 0 1 0 1 0 0 0 0 0 0 2 0 0 1 0 0 1 1 0 1 0 0 0 0 0 0 0 1 1 0 0 0 1 1 1 1 0 1 0 2 2 0 0 1 0 0 0 0 0 0 1 1 0 0 0 0 1 0 0 1 0 0 1 1 0 0 0 2 0 0 2 0 0 0 0 1 0 0 1 0 0 2 1 0 0 1 0 0 0 0 0 2 0 0 1 0 1 0 0 1 0 0 1 0 3 2 0 0 0 1 0 0 0 0 0 0 0 0
ind_105 1 3 2 0 0 0 2 0 1 3 0 1 0 2 0 1 0 2 1 0 0 0 0 0 0 0 0 0 3 2 0 0 1 1 1 1 0 0 0 3 0 0 0 0 0 0 0 0 1 0 0 0 0 0 0 0 1 1 0 0 1 0 1 0 0 1 0 4 3 0 0 0 3 1 0 0 0 0 0 2 0 0 3 0 0 0 0 1 0 0 0 3 0 0 1 0 0 0 1 1 0 0 0 0 0 0 0 0 0 1 2 1 1 0 1 0 0 0 0 0 0 3 0 0 1 0 0 1 1 1 1 1 0 0 0 1 2 1 0 0 1 0 2 0 0 0 0 0 2 3 0 0 0 0 1 3 1 1 1 2 0 0 1 0 0 0 0 1 1 0 0 0 0 1 0 0 1 1 1 0 0 0 0 0 0 1 0 0 2 1 0 0 1 1 1 0 1 0 0 1
ind_105 0 0 0 0 0 0 0 0 0 0 0 1 0 0 2 0 0 0 0 2 1 1 0 2 0 0 0 0 1 1 1 0 0 0 0 0 0 0 1 1 0 0 0 0 3 1 2 1 0 0 0 0 3 0 1 0 0 0 1 0 0 0 0 1 1 2 0 0 0 0 1 1 0 1 0 1 0 0 1 0 0 0 0 1 0 0 0 1 0 0 0 0 0 0 0 3 0 0 0 0 2 2 0 0 0 0 0 0 0 1 0 0 0 1 2 0 0 1 0 0 0 0 1 0 0 0 2 0 1 0 0 2 0 1 2 0 0 0 0 2 0 0 0 0 0 0 0 1 1 0 1 0 0 0 0 0 0 1 0 0 2 0 0 1 0 0 0 1 0 1 2 0 0 0 1 4 0 0 1 0 2 0 1 0 2 0 3 1 0 0 0 2 0 0 0 0 0 0 1 0
ind_106 1 0 0 0 2 1 0 1 2 1 0 0 0 1 0 1 0 0 4 0 1 1 0 2 1 1 0 1 0 1 0 1 1 0 2 1 2 2 0 2 2 0 0 0 1 0 0 1 1 0 1 1 0 2 0 0 2 0 0 0 0 1 1 0 0 1 3 0 3 0 3 0 0 0 0 0 0 1 0 3 0 0 1 1 0 0 0 3 0 0 3 1 0 0 0 0 1 0 0 0 1 0 0 0 0 0 1 1 0 0 0 0 0 0 0 1 0 0 1 0 0 1 0 0 0 0 0 1 0 0 0 0 0 0 1 1 1 1 0 3 1 0 0 1 0 0 1 0 0 0 0 0 0 1 0 1 0 1 0 3 0 0 0 0 0 0 0 1 0 2 1 1 0 1 0 0 0 3 2 0 1 1 0 0 0 1 1 0 0 0 0 0 1 0 0 1 2 0 1 2
ind_106 0 2 1 0 0 0 1 0 0 0 1 0 1 0 0 0 0 0 0 0 0 1 1 0 1 0 0 0 0 0 3 0 1 0 0 0 0 0 0 0 0 1 0 0 0 0 1 0 0 2 0 0 0 0 1 2 0 0 2 1 0 0 0 0 1 0 0 0 0 0 0 0 0 0 1 0 0 0 0 0 1 2 0 0 1 0 0 0 2 0 0 0 0 1 0 0 0 0 0 0 0 0 0 0 0 0 1 1 1 0 0 0 0 3 0 0 0 2 0 0 2 0 0 0 0 1 0 0 0 0 0 1 1 0 3 0 0 0 3 0 0 2 0 0 1 2 0 0 0 0 1 0 1 0 0 0 0 1 0 0 2 0 0 0 0 0 3 1 0 0 1 0 1 3 1 1 2 0 1 1 0 0 0 0 0 0 0 1 0 0 0 1 0 0 2 2 0 0 0 0
ind_107 0 0 0 0 0 0 0 3 1 2 0 1 0 1 1 0 1 1 0 0 0 0 0 0 0 0 0 1 0 2 1 2 0 1 1 1 0 0 1 0 3 1 0 0 0 0 0 1 0 0 0 0 1 0 0 0 2 2 1 2 1 2 0 0 0 0 1 1 1 0 2 0 0 2 0 0 0 0 0 1 0 2 2 2 2 2 0 1 1 1 0 1 0 2 2 0 2 0 1 0 2 0 1 0 0 0 0 0 0 0 0 0 1 0 0 0 0 0 1 0 1 0 0 0 0 0 0 1 0 0 0 0 0 0 0 1 0 1 0 1 1 0 0 0 0 0 2 0 0 0 2 1 0 0 0 0 0 4 1 1 0 2 0 0 0 0 3 0 0 1 0 1 0 2 0 2 1 0 1 0 2 2 2 0 3 2 0 0 0 0 0 0 1 0 1 0 1 0 0 1
ind_107 0 0 0 0 0 0 0 0 0 0 1 0 1 1 0 0 0 0 0 0 0 0 1 2 0 0 2 0 0 0 0 0 0 0 0 0 0 1 1 0 0 0 0 0 0 1 0 0 0 2 1 0 0 0 1 0 0 0 0 0 0 0 0 0 2 0 0 0 0 2 0 0 0 0 0 1 1 1 2 0 2 0 0 0 0 0 1 0 0 0 0 0 2 1 0 0 0 1 0 1 0 0 0 0 0 0 1 0 0 1 0 0 0 0 0 1 0 0 0 0 0 0 1 0 0 0 0 0 0 0 0 2 0 0 0 0 0 0 1 0 0 0 0 0 1 1 0 0 1 0 0 0 0 1 0 0 0 0 0 0 1 0 0 1 1 1 1 2 1 0 0 0 2 0 0 0 0 0 0 0 0 0 0 0 0 0 2 0 1 0 1 0 0 0 0 2 0 0 1 0
ind_108 0 2 1 0 2 0 1 0 1 0 0 0 0 0 0 1 0 2 0 0 0 0 0 0 0 3 2 0 1 0 0 0 1 0 2 0 0 0 0 0 0 0 0 0 0 0 0 3 4 0 0 0 0 0 0 2 1 0 0 1 1 0 0 0 0 0 1 2 1 2 0 0 1 0 3 1 0 1 0 0 0 0 0 0 1 1 3 1 2 1 1 0 1 1 0 0 2 0 0 0 1 0 0 3 0 2 2 1 0 1 0 1 0 1 2 1 0 1 1 0 0 1 0 2 1 0 0 1 0 2 0 0 0 0 1 0 0 2 0 1 1 0 0 0 2 0 0 0 0 0 0 1 0 1 0 3 0 1 1 3 0 0 0 0 0 0 2 0 0 3 0 0 0 0 0 0 0 0 0 1 1 0 2 0 0 0 0 0 1 1 2 0 1 1 0 0 4 0 2 4
ind_108 0 0 0 0 0 1 0 0 0 0 1 0 2 0 2 0 0 0 1 0 0 0 1 0 0 0 0 0 0 1 0 1 0 0 2 0 0 0 1 0 0 0 0 0 4 1 1 0 0 2 0 0 2 0 2 2 0 1 0 0 0 0 0 1 0 0 0 0 0 0 0 0 0 0 0 1 0 0 1 0 0 0 0 3 0 0 0 0 1 0 1 0 0 3 0 1 0 2 0 0 0 0 0 0 1 0 0 1 0 0 0 0 0 0 0 1 0 1 0 1 1 0 2 0 0 1 2 0 0 0 0 0 2 0 0 0 0 0 0 0 1 2 0 1 0 2 0 0 0 1 0 0 0 0 0 0 0 0 1 0 0 1 0 0 0 0 0 1 0 0 0 0 1 0 0 0 0 0 0 1 0 1 0 0 3 0 1 0 0 0 0 0 0 1 0 2 0 0 1 0
ind_109 0 0 0 0 0 0 1 0 1 1 0 0 0 0 0 0 2 0 0 1 0 0 0 1 0 0 0 1 3 0 0 0 0 0 1 0 1 1 0 0 0 1 0 0 0 0 0 1 0 0 0 1 0 0 0 0 1 1 0 2 1 1 1 2 0 1 0 2 0 0 0 0 0 0 0 0 1 2 0 2 0 3 0 0 0 0 0 1 1 0 1 0 1 1 3 0 0 0 1 0 0 1 1 0 0 0 0 0 1 0 3 0 1 2 0 1 1 1 1 0 1 0 0 2 1 0 0 0 1 1 1 1 0 0 0 0 0 1 1 2 0 0 1 0 2 0 1 1 0 0 0 0 0 1 1 0 2 0 0 1 0 0 1 1 0 1 0 0 0 3 0 0 0 0 0 0 3 0 0 1 1 3 2 0 2 1 0 0 1 2 0 1 0 0 0 0 2 0 2 1
ind_109 0 0 3 0 0 0 0 1 1 0 1 0 1 0 0 0 2 0 0 0 0 0 2 0 1 0 0 0 0 0 2 1 0 0 0 0 0 0 0 0 0 0 0 0 1 2 0 0 0 1 0 2 2 0 0 0 0 1 0 0 0 0 0 2 2 0 1 0 0 0 0 0 0 0 2 0 0 0 2 0 0 0 0 3 0 0 0 0 1 0 0 0 0 0 0 3 2 0 0 1 0 0 0 0 2 0 0 1 0 2 0 0 0 0 1 0 0 0 0 2 0 1 1 0 0 2 2 0 0 0 0 0 0 0 1 0 0 0 1 0 0 0 0 1 0 0 0 0 3 0 1 0 0 0 0 0 0 0 2 1 0 1 0 3 0 0 0 1 0 0 2 0 0 0 1 0 0 0 1 0 0 0 0 0 1 0 0 1 0 0 2 0 0 0 0 1 0 1 0 0
ind_110 0 0 1 1 0 4 0 1 0 1 0 1 0 1 0 4 1 0 1 1 0 0 0 2 0 1 0 2 0 0 1 0 1 0 1 0 0 0 0 0 1 2 2 1 0 0 0 0 0 0 0 0 1 1 0 0 0 2 1 0 0 0 2 0 1 0 1 1 1 0 1 0 1 1 0 1 1 0 0 4 1 0 0 1 0 0 1 1 0 0 0 2 2 1 0 0 0 0 3 0 1 1 1 0 1 0 1 2 0 0 1 1 2 0 0 0 0 0 1 0 0 2 0 0 0 0 1 0 1 0 1 0 0 1 0 2 1 0 0 0 1 0 0 0 0 3 1 1 0 1 0 1 1 1 1 0 1 1 2 1 1 2 0 0 0 1 2 2 0 1 0 0 1 0 0 0 3 0 0 1 0 0 1 1 1 0 0 0 1 1 1 1 1 0 1 0 4 1 2 0
ind_110 0 0 0 0 0 1 0 0 0 0 3 0 1 0 0 0 0 0 0 0 0 1 1 0 0 0 1 0 0 2 0 0 0 0 0 0 1 1 0 0 0 0 0 0 2 2 2 0 2 0 2 0 0 0 1 0 0 0 0 0 0 0 0 0 0 0 1 0 0 2 0 1 0 0 1 2 0 0 1 0 0 0 1 0 1 0 0 0 1 0 0 0 0 0 0 1 0 1 0 2 0 0 0 0 1 0 0 0 1 0 0 0 0 2 0 0 0 1 0 0 0 0 1 0 1 0 1 0 0 0 0 0 0 2 1 0 0 0 2 0 0 0 0 1 3 0 0 0 1 0 0 0 0 0 0 1 0 0 0 0 0 1 0 0 0 0 0 0 0 0 0 0 0 0 1 1 0 0 0 0 0 1 0 0 1 0 0 2 0 0 0 0 0 1 1 0 0 0 0 0
ind_111 2 0 1 0 0 3 0 0 0 1 0 1 0 0 1 0 3 3 1 2 0 0 0 0 1 3 0 2 1 1 1 0 0 2 1 1 1 1 3 1 0 0 2 1 0 0 0 1 0 1 0 0 1 0 0 2 1 1 0 0 0 0 3 0 0 0 0 1 1 0 0 0 0 0 0 0 0 0 0 0 0 0 0 0 0 0 0 3 0 0 1 2 0 0 1 0 1 0 2 0 1 0 3 1 0 2 0 0 0 1 1 2 0 0 0 0 1 0 2 1 0 1 0 1 0 0 2 0 2 1 0 0 0 0 0 0 3 1 0 1 3 0 0 0 3 0 2 1 0 0 0 1 0 0 1 2 2 0 3 1 0 1 0 0 1 1 0 0 0 1 0 1 0 1 0 0 0 0 0 2 1 0 3 1 3 1 0 0 2 0 0 0 3 0 0 0 2 2 0 0
ind_111 0 0 1 0 2 0 0 0 0 0 2 2 1 2 0 0 0 0 0 0 2 0 0 0 0 0 0 0 0 0 0 0 1 0 0 0 0 1 0 0 0 0 0 0 0 2 2 0 0 0 0 0 2 0 0 0 0 0 0 0 0 0 0 1 0 0 0 0 0 0 0 0 1 0 1 2 2 1 2 0 0 0 0 2 0 0 2 0 0 0 0 0 0 1 0 1 0 0 0 1 0 2 0 0 0 0 2 0 0 0 0 0 2 0 4 1 0 2 0 0 2 0 2 0 0 1 0 0 0 0 0 2 1 0 2 0 0 0 0 0 0 0 0 2 0 1 0 0 3 0 1 0 0 2 0 0 0 0 0 0 3 0 0 6 0 0 2 1 2 0 1 0 2 0 0 0 1 0 0 0 0 0 0 0 0 0 1 1 0 0 0 1 0 0 0 0 0 0 0 0
ind_112 0 0 0 0 1 2 1 1 1 1 0 0 0 0 0 0 1 0 0 0 0 1 0 0 1 2 0 2 1 0 1 2 1 0 1 0 2 0 0 0 1 1 1 1 1 0 0 0 1 0 0 0 0 1 0 1 0 0 0 0 1 1 0 0 0 0 2 1 1 1 2 2 1 0 0 0 0 0 0 0 0 0 0 2 2 1 0 1 0 1 1 0 0 0 2 0 2 0 0 0 3 0 1 4 1 1 0 1 0 0 1 0 0 0 0 0 2 0 1 4 0 2 0 0 2 0 1 1 1 1 3 0 0 0 0 1 1 1 0 1 1 0 0 0 0 0 1 0 0 0 0 1 0 0 0 2 0 0 1 1 0 0 0 0 1 0 0 0 0 0 0 2 1 2 0 1 0 0 0 1 2 0 0 0 1 0 0 0 0 0 0 0 0 0 1 0 3 0 0 0
ind_112 0 2 0 0 0 0 0 0 0 0 5 1 0 0 1 0 0 0 1 0 0 0 0 0 0 1 1 0 0 0 0 0 0 1 0 2 0 1 1 0 0 1 0 0 1 0 1 0 0 3 3 0 0 0 0 0 0 0 0 0 0 0 0 3 3 1 0 0 0 0 0 1 1 0 1 2 2 1 4 0 1 0 2 3 0 0 1 0 0 0 0 0 0 2 0 0 0 1 0 2 0 0 0 0 0 0 1 0 3 0 0 0 1 2 1 2 0 0 0 0 0 0 1 0 0 0 0 0 0 0 0 1 2 1 0 0 0 0 2 0 0 3 0 0 0 0 0 0 0 0 0 0 1 1 0 0 0 0 0 0 1 0 1 1 0 2 1 0 1 0 1 0 0 0 1 1 1 0 1 2 0 0 1 0 0 0 0 0 0 0 0 2 0 0 0 0 0 0 0 0
ind_113 1 0 1 1 0 4 1 0 1 2 0 0 2 1 0 1 4 2 1 1 0 0 0 5 0 0 1 0 0 0 1 1 3 1 0 2 1 0 1 0 2 0 1 0 0 0 0 2 2 0 0 1 0 0 0 1 3 0 0 1 0 1 0 0 0 0 0 0 1 0 2 1 0 0 0 0 0 0 0 0 0 0 0 0 1 2 0 0 0 2 1 2 0 0 1 0 0 0 2 0 1 0 1 1 0 0 0 1 0 0 3 4 0 0 0 0 0 0 0 1 0 1 0 0 3 0 1 2 0 1 0 0 0 0 0 1 0 1 0 2 1 0 3 0 2 0 0 1 2 0 0 1 0 0 2 0 0 1 1 0 0 0 0 0 0 0 0 0 0 0 0 0 1 0 0 0 0 3 1 1 0 0 0 1 0 1 2 0 1 3 0 0 4 1 0 5 2 2 1 1
ind_113 0 0 1 1 0 0 0 0 0 0 0 0 0 0 1 0 0 0 0 0 2 0 0 0 0 0 0 0 0 0 0 0 0 0 0 0 0 0 0 0 0 0 0 0 0 0 0 0 0 0 0 0 0 0 0 0 0 0 1 1 0 0 0 2 0 2 0 0 0 0 0 0 2 0 1 0 0 0 2 0 0 0 0 0 0 0 0 0 1 0 0 0 0 0 0 1 0 0 0 2 0 1 0 0 0 0 2 0 0 0 0 0 2 1 1 0 0 0 0 0 2 0 1 0 0 2 2 0 0 0 0 0 1 1 0 0 0 0 1 0 0 0 0 0 0 2 0 0 0 0 2 0 1 0 0 0 0 0 0 2 0 1 0 0 1 3 1 3 2 0 1 0 0 1 1 1 1 0 0 0 0 0 0 0 1 0 0 1 0 0 0 5 0 0 2 0 0 0 0 0
ind_114 1 0 0 2 0 0 1 1 1 0 0 1 0 0 2 1 0 0 0 1 0 0 0 0 1 0 1 0 0 0 2 0 0 1 2 0 2 0 0 0 0 2 2 2 2 0 0 0 1 0 0 0 1 1 0 0 4 0 0 0 1 2 1 2 0 1 1 1 0 0 1 0 2 0 0 0 3 1 0 0 0 0 0 0 1 0 0 0 2 1 0 0 0 3 1 0 0 0 0 0 2 0 1 0 0 1 1 0 2 0 2 0 0 0 0 0 2 1 1 0 0 1 0 0 0 0 1 0 1 1 1 2 1 0 1 0 1 4 0 0 0 0 0 1 1 0 0 2 0 1 0 0 0 2 2 2 0 1 0 0 0 0 1 0 0 0 0 0 0 0 1 0 2 3 0 0 0 2 2 1 4 2 0 1 0 0 2 0 1 1 0 0 2 1 0 1 1 1 1 0
ind_114 0 1 0 2 1 0 0 0 0 0 2 0 0 0 1 0 0 0 1 0 0 0 1 0 0 1 2 0 0 0 2 0 0 0 0 0 0 0 0 0 0 0 0 0 0 0 1 0 1 0 2 0 0 0 0 1 0 0 0 0 0 0 0 0 1 0 0 0 0 0 0 0 0 0 3 0 2 0 0 0 2 0 2 1 0 4 0 0 0 0 0 0 0 0 0 1 0 2 0 0 0 0 2 0 1 0 0 0 0 2 0 0 0 2 0 0 0 2 0 1 0 0 0 0 0 0 1 0 0 0 0 0 0 0 1 0 0 0 0 0 0 4 0 1 0 0 0 0 0 0 0 2 0 0 1 0 0 1 0 0 3 1 0 3 1 0 0 0 3 1 0 0 0 1 2 1 0 0 1 2 0 0 1 0 1 0 0 5 0 0 0 2 0 0 2 0 0 0 0 0
ind_115 0 0 0 1 0 1 2 0 0 0 0 1 1 1 0 1 1 0 1 1 0 0 0 1 2 0 0 1 1 0 0 0 1 0 1 0 1 0 0 1 1 1 0 1 0 0 0 2 0 0 0 2 0 0 0 0 1 0 0 1 0 0 0 0 0 0 1 0 0 0 2 0 0 0 0 0 0 1 0 1 0 1 0 0 0 1 0 0 0 3 1 2 1 0 2 0 0 0 1 0 1 1 1 1 0 2 0 0 0 1 1 1 0 1 0 3 1 0 0 0 0 0 0 1 1 0 0 0 3 1 0 0 0 0 0 2 0 0 0 0 1 0 3 0 2 0 2 2 1 0 0 0 0 1 0 2 0 1 0 0 0 0 1 0 1 1 0 0 0 0 0 1 0 2 0 0 0 1 0 0 3 1 0 1 1 1 0 0 0 1 1 0 1 1 1 0 3 1 0 1
ind_115 0 1 1 1 1 0 0 0 0 0 2 0 0 0 0 0 0 0 0 0 2 1 0 0 0 0 1 0 0 1 1 0 0 0 0 2 0 0 0 0 0 0 0 0 1 2 0 0 0 1 3 0 0 0 0 2 0 0 0 0 0 0 0 0 0 1 0 0 0 0 0 1 0 0 0 0 1 0 0 0 3 1 0 1 0 0 0 0 1 0 0 0 0 0 0 1 1 1 0 6 2 0 0 0 1 0 0 1 1 2 0 0 1 0 1 0 0 0 1 0 1 0 0 0 0 0 1 0 0 0 0 0 0 1 0 0 0 0 1 0 0 3 0 3 0 3 0 0 2 0 1 0 0 0 0 0 0 0 0 0 2 2 0 0 1 1 0 1 1 0 0 0 0 0 1 0 1 0 0 0 0 0 0 0 0 0 0 1 0 0 0 2 0 0 0 0 0 0 0 0
ind_116 1 0 2 1 1 1 0 1 0 1 0 0 0 2 0 2 0 1 0 1 0 0 0 0 0 1 0 1 0 1 0 0 0 1 0 2 0 0 0 2 0 1 1 1 0 0 0 1 0 0 0 1 0 2 0 0 1 0 0 0 0 1 0 0 0 0 0 0 2 2 1 0 0 0 0 0 1 0 0 0 0 1 0 0 0 0 0 1 2 0 2 2 1 0 0 0 0 0 2 0 0 0 1 2 0 0 0 0 0 0 1 2 0 0 0 2 0 1 0 0 0 3 0 0 2 0 2 1 0 2 1 0 0 0 0 0 3 1 0 2 0 0 0 0 0 0 0 1 0 0 0 1 1 0 3 1 0 0 3 0 0 0 1 0 1 0 0 0 0 2 0 1 2 0 0 3 0 2 2 0 2 0 0 1 0 1 0 0 0 1 3 0 1 0 1 2 1 2 2 1
ind_116 0 1 1 0 0 0 0 0 0 0 0 0 0 0 0 0 0 0 0 0 3 1 0 0 0 0 2 0 1 0 0 0 0 0 0 0 0 0 3 0 0 0 0 0 1 2 2 0 0 0 2 0 0 0 1 1 0 0 2 1 0 0 0 0 1 0 0 0 0 1 0 1 0 0 1 2 1 0 1 0 0 0 0 1 0 0 0 0 1 0 0 0 1 0 0 0 0 1 0 1 0 0 0 0 0 0 1 0 1 1 0 0 0 0 1 1 0 1 0 0 3 0 1 0 0 1 0 0 0 0 0 1 1 0 1 0 0 0 0 0 0 1 0 2 0 1 0 0 2 0 1 0 0 0 0 0 0 0 0 0 2 1 0 0 0 0 1 0 2 0 1 0 1 0 1 0 0 0 0 0 0 0 0 0 0 0 0 1 0 0 0 2 0 0 0 0 0 0 1 0
ind_117 1 0 0 0 0 1 0 0 0 1 0 0 0 0 0 2 1 1 0 2 0 1 0 1 0 2 0 0 1 0 0 1 2 0 0 0 3 1 1 0 1 0 2 0 1 0 0 0 0 0 0 1 0 2 0 0 0 0 0 0 0 1 0 0 0 0 1 2 0 1 0 0 0 1 0 0 0 0 0 2 0 0 1 0 2 0 1 1 1 1 1 3 2 0 1 0 1 0 1 0 0 1 0 1 1 1 0 1 0 0 0 2 1 0 0 2 0 0 1 0 0 2 0 1 0 0 0 3 3 1 2 0 0 0 0 3 2 1 0 1 0 0 2 0 1 0 1 2 1 1 0 0 0 1 0 1 1 1 1 2 0 2 1 0 0 1 0 0 0 1 0 0 1 1 0 1 0 2 0 0 1 0 1 0 0 0 0 0 1 1 3 0 1 0 1 0 1 1 2 1
ind_117 0 0 0 0 0 0 0 0 0 0 2 0 0 0 1 0 0 0 1 0 1 1 1 1 0 0 0 0 0 1 0 0 0 0 0 0 0 1 1 1 0 1 0 0 2 0 0 0 1 0 3 0 0 0 0 0 0 0 1 0 3 0 0 2 0 0 0 0 0 0 0 1 1 0 3 0 1 0 2 0 1 0 0 5 0 0 0 0 0 0 0 0 0 0 0 3 2 0 0 5 2 0 0 0 0 0 0 0 0 1 0 0 0 0 1 0 0 0 0 2 2 0 2 0 0 2 2 0 0 0 0 1 3 0 1 0 0 0 1 0 0 1 0 0 0 0 0 0 0 0 2 0 0 0 0 0 0 0 0 0 1 2 0 1 0 1 0 3 2 0 1 0 0 0 1 0 0 0 0 0 0 0 0 0 0 0 1 1 0 0 0 1 0 0 0 0 0 0 3 0
ind_118 1 0 0 2 0 1 0 1 1 1 0 0 0 0 0 1 0 1 0 2 0 0 0 1 0 0 0 0 0 0 0 1 1 1 1 1 1 0 0 0 1 1 0 3 0 0 0 2 0 0 0 0 1 2 0 0 1 0 1 1 3 2 0 0 0 0 1 0 1 0 1 0 2 1 0 0 0 0 0 1 0 0 0 1 0 0 1 0 3 0 2 2 0 0 1 0 0 0 0 0 0 2 0 1 0 1 1 0 0 0 1 0 1 1 0 1 1 0 1 2 0 2 0 1 1 0 1 1 0 0 0 0 0 0 0 0 1 0 0 0 2 0 1 0 3 0 0 4 1 0 0 0 0 1 0 4 1 0 1 0 0 0 0 0 1 0 0 0 0 1 0 0 2 0 0 0 0 0 1 0 0 0 0 1 0 0 1 0 1 0 0 0 1 0 0 2 1 0 2 1
ind_118 0 0 0 0 1 0 0 0 0 0 2 0 2 0 0 0 0 0 0 0 1 0 1 0 2 0 2 0 0 2 2 0 0 0 0 1 0 0 0 1 0 1 0 0 2 0 1 0 1 1 2 0 0 0 1 0 0 0 0 0 0 0 0 1 0 2 0 0 0 1 0 0 0 0 0 0 0 0 1 0 0 2 1 1 1 1 0 0 0 0 0 0 0 0 2 1 1 1 0 1 0 0 0 0 1 0 0 1 0 0 0 0 2 1 0 1 0 1 0 0 0 0 0 0 0 1 0 0 0 0 0 0 2 0 1 0 0 0 1 0 0 2 0 0 0 1 0 0 1 1 1 0 0 0 2 0 0 1 0 2 0 2 1 2 0 1 0 0 3 0 0 0 0 2 0 1 2 0 0 0 0 0 4 0 3 0 0 0 0 0 0 1 0 0 1 0 0 0 0 0
ind_119 2 0 2 1 2 2 0 1 1 1 0 0 0 0 0 1 1 1 1 1 3 0 0 1 0 0 2 0 0 0 0 1 2 0 0 0 0 1 0 1 1 1 0 0 0 0 0 1 0 0 0 1 1 1 0 0 0 0 1 0 2 0 1 1 0 0 1 2 0 1 0 0 1 2 0 0 1 0 0 0 0 0 0 1 0 0 1 1 1 0 0 1 0 0 0 0 1 0 0 0 0 0 0 0 0 1 1 0 1 0 1 1 1 0 0 1 1 2 1 0 0 0 0 0 1 0 0 0 0 0 0 1 0 0 2 0 0 0 0 1 1 0 3 1 0 0 0 0 1 0 0 2 0 0 0 1 1 0 2 2 0 1 0 0 1 0 0 0 0 0 0 0 1 0 0 1 0 2 3 0 2 1 1 1 1 2 1 0 1 2 3 0 1 0 1 1 0 2 1 0
ind_119 0 0 0 0 0 0 1 0 0 0 0 0 1 0 0 0 0 0 0 0 0 0 0 0 0 0 1 0 2 2 0 0 0 2 0 0 0 0 0 0 0 0 0 0 0 0 1 0 0 2 0 0 0 0 2 0 0 1 0 0 0 0 0 0 2 0 0 0 0 0 0 0 0 0 0 1 0 0 1 0 1 1 0 1 1 2 0 0 0 0 0 0 0 0 1 0 3 0 0 1 0 0 0 0 0 0 0 1 0 1 0 0 0 2 0 0 0 1 0 0 0 0 2 0 0 2 4 0 0 0 0 2 0 0 0 0 0 0 1 0 0 0 0 0 0 1 0 0 1 2 0 0 0 0 1 0 0 0 0 0 0 0 0 0 0 1 1 1 0 0 2 0 0 0 2 0 0 0 0 0 0 0 0 0 0 0 0 0 0 0 0 1 0 0 1 0 0 0 0 0
ind_120 1 0 2 1 1 2 0 1 2 0 0 0 0 1 0 2 0 1 2 3 0 0 0 0 0 0 0 1 0 0 0 0 1 0 2 1 0 0 0 0 2 0 1 0 0 0 0 2 1 0 0 4 1 3 0 0 1 0 1 1 0 0 1 1 0 1 0 2 1 1 2 0 1 2 0 0 1 4 0 2 0 0 0 0 1 0 3 2 3 1 0 1 5 1 0 0 0 0 0 0 0 3 0 1 0 0 1 0 1 0 1 0 1 0 0 0 1 1 2 0 0 1 0 2 1 0 1 3 0 2 1 0 0 0 1 0 1 1 0 3 2 0 2 2 0 0 1 0 2 1 1 0 0 1 0 1 1 0 1 0 0 0 1 0 0 0 0 0 0 1 0 1 0 0 0 0 0 0 0 1 1 1 0 3 0 2 1 0 1 2 1 0 2 0 0 1 0 2 1 1
ind_120 0 0 0 0 0 0 0 0 0 0 2 2 2 2 3 0 0 0 0 0 1 0 2 0 2 0 0 0 0 1 1 0 0 1 0 0 1 0 1 0 0 0 0 0 1 0 2 0 1 0 1 0 0 0 1 0 0 1 0 0 0 0 0 1 2 0 0 0 0 0 0 1 0 0 0 2 0 0 1 0 2 0 1 0 0 1 0 0 0 1 0 0 0 0 2 1 0 0 0 0 1 0 1 0 4 0 0 2 0 0 0 0 0 1 0 0 0 0 0 1 0 0 2 0 0 1 1 0 0 0 0 2 0 0 2 0 0 0 1 0 0 2 0 0 0 0 0 0 1 1 1 0 0 0 0 0 0 0 0 1 2 0 2 4 0 0 0 0 0 0 0 0 0 0 1 0 2 0 1 0 0 0 2 0 0 0 0 4 0 0 0 2 0 0 0 0 0 0 0 0
ind_121 1 1 0 1 0 0 0 0 0 3 0 0 1 1 1 2 0 5 0 4 0 0 0 0 3 2 1 1 1 2 0 0 2 1 0 2 1 0 0 2 0 1 0 1 0 0 0 1 0 0 0 1 2 1 0 1 2 2 0 1 1 0 1 1 0 0 1 1 3 2 1 1 0 0 0 0 0 0 0 0 0 0 1 0 1 1 0 1 0 1 1 2 0 0 1 0 0 0 0 0 0 0 1 4 1 1 1 0 0 0 2 0 0 3 0 1 1 0 0 0 0 3 0 5 0 0 0 1 0 0 1 0 0 0 0 2 2 1 1 1 0 0 0 0 0 0 0 1 2 0 0 0 0 0 0 1 0 2 1 0 0 1 4 0 0 0 0 0 0 2 0 0 0 1 0 0 0 3 4 1 1 0 0 3 0 1 0 0 3 0 1 0 0 1 1 0 1 1 1 1
ind_121 0 1 0 3 0 0 0 0 0 0 1 2 0 0 1 0 0 0 0 0 0 1 2 0 0 0 0 1 0 0 0 0 0 0 0 0 0 0 1 0 0 0 0 0 1 1 1 0 0 1 1 0 0 0 1 0 0 0 0 0 0 0 0 3 0 0 0 0 0 0 0 1 1 0 1 0 0 1 0 0 0 0 0 2 0 0 0 0 3 0 0 0 3 0 0 0 0 1 0 0 0 1 0 0 0 0 1 1 2 0 0 0 1 0 3 0 0 0 0 0 0 0 2 0 0 3 0 0 0 0 0 0 0 0 1 0 0 0 0 0 0 2 0 2 0 2 0 0 0 0 2 0 0 1 0 0 0 0 0 1 1 0 0 0 0 0 1 2 0 0 2 0 0 0 0 0 2 0 0 0 0 0 0 0 0 0 0 1 0 0 0 2 0 0 0 0 0 0 0 0
ind_122 3 4 0 0 0 1 0 0 2 1 0 0 0 0 0 0 1 1 0 0 0 0 0 1 1 0 0 0 1 0 0 0 2 0 1 3 0 0 0 1 2 1 1 2 0 0 0 0 1 0 0 1 1 1 0 0 2 0 0 0 5 2 0 0 0 2 0 0 3 1 1 0 0 0 0 0 0 3 0 0 0 1 0 0 1 0 0 0 1 0 2 1 0 1 1 0 0 0 1 0 0 3 1 3 0 1 4 0 2 0 1 3 0 0 0 2 1 0 0 0 0 2 0 1 1 0 2 0 1 0 3 0 0 0 0 1 1 1 1 1 2 0 0 0 0 0 2 0 1 1 1 0 0 0 1 0 2 2 1 1 0 0 3 0 0 0 0 0 0 0 0 3 0 1 0 2 0 0 0 1 5 4 0 0 1 1 0 0 1 0 1 0 1 1 0 0 1 1 0 1
ind_122 0 0 0 0 0 0 1 0 0 0 2 0 6 0 1 0 0 0 0 0 0 1 0 0 0 0 0 0 0 1 3 0 0 1 0 0 0 0 1 0 0 1 0 0 1 2 1 0 1 0 4 0 0 0 3 0 0 0 0 0 0 0 0 1 1 1 0 0 0 1 0 1 0 0 3 0 2 0 2 0 2 1 0 1 0 0 0 0 0 0 0 0 0 0 0 1 0 2 0 2 1 0 0 0 0 0 0 2 0 0 0 0 0 0 0 0 0 1 0 0 1 0 0 0 0 1 0 0 0 0 0 3 0 2 0 0 0 0 0 0 0 1 0 0 0 1 0 0 1 1 1 0 0 0 0 0 0 0 0 2 0 0 0 3 1 0 3 0 0 1 0 0 0 0 0 0 0 0 0 0 0 0 0 0 1 0 0 0 0 0 0 1 0 0 1 0 0 0 1 0
ind_123 3 2 1 0 2 1 3 1 2 2 0 1 0 1 2 1 1 1 0 0 0 0 0 0 0 0 1 0 0 0 1 0 1 3 0 0 2 0 0 0 3 0 0 0 1 0 0 1 0 0 0 3 0 1 0 0 0 1 0 0 0 0 0 0 0 0 1 2 0 0 1 1 1 0 0 0 0 0 0 3 0 2 1 0 0 0 0 1 0 0 1 1 1 1 0 0 0 0 1 0 0 0 1 1 0 2 1 2 1 2 2 1 0 0 0 1 1 0 1 0 0 1 0 2 2 0 0 1 2 2 2 0 0 0 0 1 1 0 0 3 1 0 1 0 2 0 0 1 0 0 0 2 0 0 0 0 2 1 0 0 0 0 3 0 1 0 0 0 0 1 0 1 0 1 0 1 0 4 0 1 0 0 0 1 0 3 0 0 2 1 0 0 0 1 1 0 2 2 0 0
ind_123 0 1 0 0 1 0 0 0 0 0 5 0 1 0 0 0 0 0 1 0 0 1 0 0 0 0 1 0 0 0 1 0 1 0 0 0 0 2 1 0 0 0 0 0 0 2 0 0 0 1 0 0 0 0 2 0 0 0 0 0 2 0 0 1 3 0 0 0 0 0 0 0 0 0 0 1 1 3 1 0 0 0 1 1 0 0 1 0 0 0 0 0 0 0 0 1 0 0 0 1 0 0 0 0 2 0 0 0 0 0 0 0 0 1 1 0 0 0 0 1 0 0 0 0 0 0 1 0 0 0 0 2 0 1 1 0 0 0 0 0 0 1 0 1 0 0 0 0 1 0 2 0 1 0 0 0 0 0 0 0 1 0 0 0 0 0 3 1 0 0 1 0 0 0 2 0 0 0 0 0 0 0 0 0 0 0 0 0 0 0 0 2 0 0 0 0 0 0 3 0
ind_124 3 0 0 0 0 1 1 1 1 2 0 0 1 0 1 1 1 1 1 1 0 0 0 2 0 0 0 0 0 0 0 1 0 2 1 0 1 0 0 2 1 2 1 1 0 0 0 1 1 2 0 0 0 0 0 0 1 1 1 0 0 0 0 0 0 0 0 0 1 1 1 0 1 3 0 0 1 0 0 1 0 2 0 0 2 0 0 1 1 2 2 2 1 0 1 0 1 0 2 0 1 0 2 2 1 0 0 1 0 0 1 1 0 0 0 0 1 0 0 0 0 2 0 1 3 0 0 0 2 2 2 0 0 0 0 1 1 0 2 0 1 0 0 0 1 0 2 0 0 0 0 2 0 0 1 2 0 3 1 0 0 1 1 0 1 0 0 0 0 0 0 2 0 1 0 0 0 0 1 2 1 2 0 2 0 1 0 0 1 1 1 0 1 1 0 1 0 1 0 2
ind_124 0 0 0 0 1 0 0 0 0 0 1 0 2 0 0 0 0 0 0 0 2 1 1 0 0 0 0 3 1 0 0 0 2 0 0 0 0 0 0 0 0 0 0 0 2 1 1 0 1 0 0 0 2 0 0 1 0 0 0 0 0 0 0 1 0 2 0 0 0 1 0 0 1 0 2 1 1 0 0 0 5 0 0 0 0 0 0 0 0 0 0 0 0 2 0 1 0 2 0 0 0 0 0 0 1 0 0 0 0 0 0 0 1 1 2 1 0 0 0 1 0 0 3 0 0 0 0 0 0 0 0 1 1 1 0 0 0 0 0 0 0 3 0 0 0 0 0 0 1 2 1 0 1 0 0 0 0 0 0 1 0 0 0 1 0 0 1 2 1 0 0 0 0 0 0 3 1 0 0 0 0 0 2 0 0 0 0 1 0 0 0 0 0 0 0 0 0 0 0 0
ind_125 1 0 0 0 0 2 0 2 1 0 0 0 0 0 0 0 0 0 0 0 0 0 0 2 0 0 0 1 1 0 0 1 1 0 2 1 1 0 0 0 1 2 1 1 0 0 0 1 0 0 0 0 3 1 0 3 2 1 0 0 0 0 1 0 0 0 1 1 1 0 1 0 0 2 0 0 0 0 0 1 0 1 0 1 1 0 0 0 0 0 0 0 1 0 1 0 0 0 2 0 1 0 0 1 0 1 0 0 2 0 1 2 1 0 0 3 3 1 0 0 0 1 0 2 2 0 0 2 0 2 0 0 0 0 2 1 0 0 1 3 0 0 3 2 0 0 1 1 0 1 2 0 1 2 1 0 0 0 3 0 0 0 0 0 1 0 0 1 0 0 2 1 1 0 0 0 0 0 2 1 0 1 0 0 0 2 2 0 3 3 2 0 3 3 0 0 2 0 1 0
ind_125 0 0 0 0 0 0 0 0 0 0 3 2 0 1 1 0 0 0 0 0 0 0 1 0 2 0 0 0 1 0 2 0 0 1 0 0 3 0 1 1 0 1 0 0 1 1 3 0 0 0 1 0 0 0 0 1 0 0 0 1 0 0 0 0 1 1 0 0 0 0 0 0 0 0 1 0 2 0 0 0 2 0 0 1 0 2 0 0 0 0 0 0 0 0 0 3 0 0 0 0 2 0 2 0 1 0 0 2 0 1 0 0 0 0 1 0 0 1 0 2 1 0 1 0 0 1 1 0 0 0 0 0 0 0 1 0 0 0 0 0 0 0 0 0 0 0 0 0 0 1 1 0 0 0 0 0 0 0 0 0 0 0 0 0 0 0 0 0 1 1 0 0 0 0 2 0 1 0 1 1 0 0 0 0 0 0 0 1 0 0 0 2 0 0 2 0 0 0 0 0
ind_126 3 0 1 1 2 0 0 1 2 0 0 0 1 1 0 1 0 2 0 0 0 0 0 0 1 0 1 1 1 0 0 1 0 0 1 1 2 2 0 2 0 2 2 2 2 0 0 4 0 0 0 1 0 0 0 1 1 2 2 1 0 1 0 2 0 0 0 1 2 0 3 0 0 1 0 0 0 1 0 0 0 0 1 0 1 1 0 3 1 0 0 0 0 0 4 0 0 0 0 0 2 2 0 1 1 1 1 2 0 0 2 1 0 0 0 0 0 0 0 2 0 1 0 0 2 0 1 2 1 1 2 0 0 0 0 1 2 0 0 2 1 0 0 0 0 0 4 0 0 1 0 0 0 0 1 1 2 0 2 1 0 1 1 0 1 2 0 0 0 0 0 0 0 0 0 0 0 0 0 2 2 3 1 0 0 0 1 0 0 2 4 0 1 1 1 0 3 1 1 1
ind_126 0 1 2 0 0 0 0 0 0 0 1 1 2 0 1 0 0 0 1 0 0 2 0 0 0 0 0 1 1 0 4 0 0 0 0 0 2 0 0 0 0 0 0 0 1 3 2 0 0 0 1 0 0 0 0 2 0 0 0 0 0 0 0 0 0 1 0 0 0 0 0 1 0 0 2 0 0 0 1 0 0 0 1 3 0 1 0 0 2 0 0 0 0 0 0 1 1 0 0 0 0 0 0 0 0 0 1 0 0 1 0 0 0 0 0 0 0 0 1 1 1 0 0 0 0 0 0 0 0 0 0 2 0 0 1 0 0 0 0 0 0 1 0 2 0 3 0 0 0 2 2 0 1 0 0 0 0 0 0 0 2 1 0 1 1 1 1 1 2 0 2 0 0 0 0 0 1 0 0 0 0 0 0 0 2 0 1 0 0 0 0 0 0 0 0 0 0 0 2 0
ind_127 1 0 1 0 1 0 0 2 2 0 0 1 0 0 0 1 0 0 0 0 0 0 0 2 1 1 1 1 1 2 0 0 0 1 0 1 0 2 0 0 1 1 1 2 0 0 0 1 0 0 0 2 0 4 0 2 1 0 0 0 0 1 0 0 0 0 3 1 1 1 1 1 0 2 0 0 0 0 0 1 0 3 0 0 1 0 0 2 0 3 0 2 0 0 0 0 2 0 2 0 2 0 1 0 1 0 0 0 0 2 0 0 0 0 0 0 1 0 0 2 0 0 0 2 1 0 1 1 0 2 0 0 0 0 0 0 1 2 0 0 0 0 1 0 0 0 0 0 0 0 0 1 0 0 1 0 1 0 0 1 0 2 1 0 0 2 0 0 0 1 0 2 0 2 0 1 0 1 0 1 0 0 0 3 1 3 0 0 1 0 1 0 1 0 1 0 1 1 1 3
ind_127 0 2 0 2 1 0 0 0 0 0 1 0 0 1 2 0 0 0 0 0 1 4 1 1 0 0 0 1 0 0 1 0 0 0 0 0 0 1 0 0 0 0 0 0 0 1 0 0 1 1 0 0 0 0 0 0 0 0 0 0 0 0 0 1 2 0 0 0 0 0 0 0 0 0 0 0 1 0 0 0 1 0 0 0 0 0 3 0 1 0 0 0 0 4 0 0 0 2 0 0 0 1 0 0 0 0 1 0 2 0 0 0 1 1 1 3 0 0 0 0 4 0 1 0 0 1 0 0 0 0 0 3 1 1 0 0 0 0 1 0 0 1 0 0 0 0 0 0 0 0 1 0 3 0 0 0 0 0 0 0 1 0 0 1 0 0 1 1 0 0 3 0 0 0 0 0 2 0 0 0 0 0 0 0 0 0 0 1 0 0 0 2 0 0 0 1 0 0 1 0
ind_128 1 1 0 1 0 1 1 1 1 1 0 0 0 0 0 2 2 0 1 2 0 1 0 0 0 1 0 0 0 0 0 0 0 0 0 1 1 1 0 0 0 1 1 2 0 0 0 2 0 0 0 1 1 3 0 0 1 0 0 2 0 1 3 1 0 0 3 1 1 0 0 0 2 1 0 0 0 0 0 0 0 0 0 1 1 0 0 3 0 0 1 1 2 3 0 0 1 0 0 0 0 1 0 4 0 0 1 0 1 0 2 0 0 1 0 1 1 0 1 0 0 4 0 1 0 0 3 3 0 1 1 0 0 0 0 1 2 1 0 1 1 0 1 0 1 0 1 1 1 1 0 1 0 1 0 0 0 1 4 0 0 0 0 0 0 0 0 0 0 0 1 1 0 1 0 0 0 0 1 0 1 0 0 1 0 0 0 0 0 1 3 0 1 4 0 0 1 4 2 0
ind_128 0 0 2 0 0 0 0 0 0 0 1 0 1 0 2 0 0 0 0 0 0 0 1 0 3 0 1 0 1 0 1 0 0 0 0 0 0 0 1 0 0 0 0 0 0 0 1 0 1 0 0 0 0 0 3 1 0 1 0 1 0 0 0 2 0 0 0 0 0 0 0 0 0 0 2 0 0 0 2 0 2 1 0 0 2 0 0 0 0 1 0 0 0 0 1 0 2 2 0 0 0 0 1 0 1 0 0 3 0 0 0 0 0 0 0 0 0 1 0 0 2 0 1 0 0 2 0 0 0 0 0 0 1 0 1 0 0 0 0 0 0 1 0 0 0 0 0 0 1 0 0 0 1 0 1 0 0 0 0 1 1 0 2 1 2 2 1 0 1 1 1 0 0 0 1 0 2 0 0 0 0 0 1 0 2 0 0 0 0 0 0 1 0 0 1 0 0 0 0 0
ind_129 2 1 1 2 0 0 0 1 2 1 0 0 1 1 0 0 1 0 1 0 0 0 0 0 1 2 1 0 1 1 0 1 0 1 0 0 1 1 1 1 2 0 1 1 0 0 0 0 0 0 1 0 1 0 0 0 2 1 0 1 0 0 1 0 0 0 2 0 1 0 0 0 0 1 0 0 0 0 0 2 0 1 0 0 1 2 0 2 0 1 1 1 0 0 1 0 1 0 3 0 1 0 0 0 1 4 0 3 0 0 3 0 0 0 0 0 1 0 2 2 0 0 0 0 4 0 3 1 1 3 0 0 0 0 0 4 3 1 0 2 2 0 1 0 2 0 1 1 0 3 0 0 0 0 0 1 0 3 1 1 0 1 0 0 1 1 0 0 0 2 0 0 0 0 0 2 0 2 0 0 2 0 1 0 3 0 0 0 2 1 1 0 3 2 1 0 0 1 0 1
ind_129 0 1 1 0 3 0 0 0 0 0 0 0 0 0 0 0 0 0 0 0 0 0 0 0 0 0 0 0 0 0 0 0 3 0 0 0 0 0 1 0 0 0 0 0 0 1 1 0 1 0 1 0 0 0 1 0 0 0 0 0 0 0 0 2 1 1 0 0 0 0 0 0 0 0 0 1 2 2 0 0 2 0 0 1 0 0 0 0 2 0 0 0 1 0 0 2 0 1 0 0 0 0 0 0 0 0 1 0 2 0 0 0 1 0 1 1 0 1 0 0 0 0 2 0 0 2 0 0 0 0 0 0 2 1 1 0 0 0 1 0 0 0 0 1 0 2 0 0 2 0 1 0 0 0 0 0 0 0 0 0 1 0 0 1 0 0 0 1 0 0 4 0 0 0 1 0 1 0 0 0 0 0 0 0 0 0 2 3 0 0 0 0 0 0 0 3 0 0 1 0
ind_130 1 0 0 0 2 0 0 1 1 0 0 0 0 0 0 2 3 1 2 5 1 0 0 1 0 2 0 0 0 0 0 0 0 0 2 0 0 0 0 1 0 1 0 2 0 0 0 0 0 0 0 0 0 3 0 0 0 1 0 1 1 4 1 0 0 1 0 0 2 1 1 0 1 2 0 0 0 0 0 1 0 2 0 0 1 0 1 0 1 1 0 2 2 3 0 0 0 0 2 0 0 1 0 0 0 1 1 0 0 0 0 2 0 2 0 0 0 0 1 0 0 2 0 0 1 0 1 1 1 2 0 0 1 1 0 1 0 0 1 1 1 0 1 0 2 0 2 0 1 0 0 0 0 0 0 0 0 1 0 1 0 0 0 0 1 0 0 1 0 0 0 3 0 2 0 0 0 0 2 0 1 1 0 1 0 1 0 0 3 1 1 0 0 1 0 1 1 0 3 0
ind_130 0 1 0 0 1 0 0 0 0 0 0 2 1 0 0 0 0 0 0 0 2 0 2 0 0 0 2 0 0 2 2 0 0 0 0 0 1 0 2 0 0 1 0 0 1 0 2 0 1 0 0 0 0 0 0 3 0 0 0 1 0 0 0 0 0 0 0 0 0 0 0 1 0 0 1 0 0 0 0 0 0 0 0 2 0 2 0 0 0 0 0 0 0 0 1 1 2 0 0 0 2 0 0 0 1 0 0 1 0 0 0 0 0 0 0 0 0 1 1 1 2 0 0 0 0 0 0 0 0 0 0 2 1 3 0 0 0 0 0 0 0 1 0 0 1 0 0 0 0 1 0 2 0 0 0 0 0 1 0 1 2 0 0 1 0 2 0 0 2 1 0 0 0 1 1 1 2 0 1 0 0 0 0 0 0 0 0 1 0 0 0 0 0 0 1 0 0 0 0 0
ind_131 1 1 1 1 0 1 0 1 0 1 0 0 0 0 0 0 1 2 0 0 0 0 0 0 0 1 0 0 0 0 1 1 2 0 0 2 0 0 1 0 3 1 1 1 0 0 0 0 0 0 0 0 0 1 0 0 1 0 0 1 0 1 1 0 0 0 1 0 0 2 2 1 1 1 0 1 0 0 0 2 1 3 1 0 2 2 0 0 0 1 1 1 0 0 1 0 1 0 1 0 2 1 0 2 1 1 1 0 2 0 1 2 0 0 0 0 0 0 1 1 0 1 0 1 1 0 3 1 0 1 1 0 0 0 0 2 1 2 0 2 1 1 2 1 0 0 2 1 0 1 1 1 0 1 0 0 3 0 1 0 0 0 0 0 1 0 0 0 0 1 0 0 0 0 0 1 0 2 1 0 4 1 0 1 1 1 0 0 3 0 0 0 1 1 0 0 2 1 0 1
ind_131 0 0 0 0 1 0 0 0 0 0 0 1 1 1 4 0 0 0 1 0 0 1 1 1 0 1 0 0 0 0 0 0 0 0 0 0 0 0 0 0 0 0 0 0 0 0 1 0 0 2 0 0 0 0 0 0 0 0 1 0 0 0 0 2 1 0 0 0 0 0 0 0 0 0 0 0 1 0 2 0 1 0 0 0 0 0 2 0 2 0 0 0 1 0 0 1 0 3 0 1 0 1 0 0 0 0 0 0 0 0 0 0 3 0 0 0 0 1 0 1 0 0 0 0 0 3 1 0 0 0 0 2 0 0 1 0 0 0 1 0 0 0 0 0 0 0 0 0 1 1 0 0 3 0 0 0 0 0 0 1 2 0 0 1 0 0 1 0 1 0 1 0 1 2 1 0 3 0 0 0 0 0 0 0 0 0 2 3 0 0 0 3 0 1 3 0 0 0 1 0
ind_132 2 3 2 0 0 0 0 1 1 1 0 0 0 0 0 0 0 4 0 1 0 0 0 0 2 0 0 3 2 1 2 2 0 0 2 0 1 0 1 1 1 1 0 1 4 0 0 1 0 0 0 0 0 2 0 0 1 1 0 2 1 1 3 0 0 0 0 1 0 4 0 0 0 4 0 0 1 1 0 1 0 1 1 0 2 0 0 1 0 0 1 1 0 0 0 0 0 0 1 0 1 2 1 2 1 0 1 0 1 1 0 1 0 0 0 0 0 0 1 2 2 2 0 1 2 0 1 0 0 1 2 0 0 0 0 2 2 3 0 1 1 0 1 0 2 0 1 1 0 0 0 0 0 1 1 0 0 0 1 1 0 0 3 0 1 2 0 0 0 0 1 0 0 0 1 1 1 1 0 1 1 0 2 2 1 1 0 0 2 1 0 0 1 0 1 0 0 1 0 0
ind_132 0 0 0 0 0 0 0 0 0 0 2 1 1 0 1 0 0 0 2 0 1 1 2 0 0 1 1 0 0 0 0 0 0 0 0 0 0 1 0 0 0 0 0 0 0 0 0 0 0 1 0 0 0 0 2 0 0 0 0 0 0 0 0 1 0 0 0 0 0 0 0 1 0 0 1 1 0 0 2 0 0 0 0 0 0 0 0 0 0 0 0 0 0 0 0 0 0 0 0 1 0 0 0 0 0 0 2 0 0 2 0 0 3 0 0 1 0 1 0 3 0 0 1 0 0 2 1 0 0 0 0 1 1 0 0 0 0 0 0 0 0 0 0 0 0 2 0 0 1 0 0 0 1 0 0 0 0 0 0 1 0 0 0 2 0 0 1 0 1 1 1 0 0 1 0 0 0 0 1 0 0 0 1 0 0 0 1 0 0 0 0 1 0 0 2 1 0 0 0 0
ind_133 0 0 1 1 2 2 0 1 2 1 0 1 0 2 0 0 2 3 1 0 0 0 0 1 0 1 1 0 1 0 0 0 0 1 1 1 0 0 0 1 2 1 1 0 0 0 0 1 1 0 0 1 1 2 0 0 1 0 0 1 0 1 2 0 0 2 1 0 3 1 0 0 1 0 0 1 0 0 0 2 0 0 0 1 1 0 1 0 0 0 1 2 0 0 1 0 0 0 1 0 1 0 1 1 1 1 0 1 0 0 3 2 1 0 3 0 0 0 1 0 0 1 0 0 1 0 0 1 1 0 1 0 0 0 0 1 3 1 0 0 1 0 2 1 0 2 0 1 0 0 3 1 0 1 0 0 1 0 0 0 2 0 2 3 0 0 0 0 0 2 2 1 0 1 0 0 0 0 0 2 0 0 0 0 0 0 0 0 1 0 0 0 0 1 0 0 0 1 0 1
ind_133 0 2 0 0 0 0 0 0 0 0 1 1 1 0 1 0 0 0 0 0 0 3 2 0 1 0 0 0 0 0 1 0 0 0 0 0 0 0 0 0 0 0 0 0 2 0 0 0 1 1 0 0 0 0 0 1 0 0 0 0 2 0 0 2 0 0 0 0 0 1 0 1 0 0 2 0 0 0 0 0 1 0 1 2 0 1 1 0 1 1 0 0 0 0 0 4 0 3 0 1 0 0 0 0 1 0 0 0 0 0 0 0 0 1 0 0 1 0 0 1 0 0 0 0 0 1 1 0 0 0 0 2 0 1 0 0 0 0 1 0 0 1 0 1 1 1 0 0 2 0 0 0 0 0 0 2 0 0 0 0 0 1 0 0 1 1 1 0 0 0 0 0 4 0 1 0 0 1 0 0 0 0 0 0 0 0 0 0 0 0 1 0 0 0 2 0 0 0 0 0
ind_134 1 0 0 2 1 0 0 1 0 0 0 0 0 0 2 0 1 1 0 0 0 0 0 1 0 0 0 0 0 2 0 1 2 2 0 0 0 3 0 0 3 2 1 2 0 0 0 2 2 0 0 1 3 1 0 0 0 0 0 0 0 1 1 0 0 1 1 1 0 0 0 0 0 1 0 0 0 0 0 1 0 1 0 0 0 0 0 0 0 0 3 1 0 0 0 0 2 0 0 0 1 0 2 0 1 1 2 0 0 0 1 1 0 1 3 0 0 0 0 0 0 0 0 0 0 0 0 3 1 2 2 0 0 0 0 0 1 2 0 0 2 0 1 1 0 1 4 0 0 0 0 1 1 2 1 0 1 0 1 1 1 0 0 1 0 1 1 0 0 1 0 0 1 0 0 1 2 2 2 0 1 1 0 1 0 1 0 0 1 2 0 0 0 3 0 0 1 0 1 1
ind_134 0 0 0 0 0 2 2 0 0 0 2 0 0 1 0 0 0 0 0 0 0 3 1 3 1 0 0 0 1 0 0 0 0 0 0 0 1 0 1 0 0 0 0 0 0 0 0 0 0 0 1 0 0 0 1 1 0 0 0 0 0 0 0 1 4 0 0 0 0 0 0 0 0 0 1 0 0 1 3 0 1 0 1 0 1 0 0 0 1 2 0 0 1 0 0 2 0 0 0 0 0 0 0 0 0 0 0 1 1 2 0 0 0 0 0 1 2 0 0 1 0 0 1 0 0 1 1 0 0 0 0 0 0 0 1 0 0 0 2 0 0 1 1 0 0 0 0 0 0 3 0 0 0 0 1 0 0 0 1 0 0 1 0 1 1 1 0 1 2 0 1 0 1 0 2 0 0 0 1 0 0 1 0 0 0 1 1 1 0 0 0 1 0 0 1 2 0 0 2 0
ind_135 1 0 0 4 1 2 0 0 0 0 0 2 0 0 0 2 1 0 1 0 0 0 0 0 0 0 2 0 1 0 0 0 1 0 0 1 0 2 0 1 1 0 2 3 0 0 0 2 4 0 0 0 2 1 0 0 1 2 1 2 0 1 4 3 0 2 0 1 0 1 1 0 3 0 0 2 0 0 0 0 0 0 2 0 1 0 0 1 1 0 1 0 0 0 1 0 1 0 1 0 0 1 1 0 0 0 0 1 0 0 3 1 3 0 0 0 0 0 1 0 1 2 0 2 0 2 0 0 0 1 1 0 1 0 0 2 0 2 1 0 0 0 0 0 0 0 0 0 0 0 1 0 0 0 0 0 1 0 1 1 3 0 1 1 0 0 0 0 0 1 0 2 0 0 0 0 0 0 1 0 0 1 0 1 1 0 0 0 1 3 0 0 1 0 0 0 0 1 1 1
ind_135 0 1 0 0 0 0 1 0 0 0 2 0 0 0 0 0 0 0 0 0 0 0 2 0 0 0 1 1 0 0 0 0 0 0 0 0 0 0 1 0 0 0 0 0 0 0 1 0 0 1 2 0 0 0 0 1 0 0 0 0 0 0 0 1 0 0 0 0 0 0 0 2 0 0 0 0 0 0 0 0 1 0 0 0 0 2 0 0 0 2 0 0 1 0 0 0 0 3 0 1 0 0 0 0 1 0 0 2 1 1 0 0 0 1 2 0 0 0 0 0 0 0 0 0 0 1 2 2 0 0 0 0 0 0 0 0 0 0 0 0 0 2 0 2 0 0 0 0 1 0 0 0 0 0 0 0 0 0 2 1 0 0 0 0 3 0 1 0 2 0 0 0 0 2 2 0 0 0 0 3 0 0 0 0 0 0 3 4 0 0 0 2 0 1 1 0 0 0 0 0
ind_136 2 1 1 0 2 0 0 0 3 1 0 0 0 0 0 1 0 0 1 2 0 0 0 0 0 1 1 0 1 1 1 0 1 1 0 2 1 1 0 0 2 1 1 0 0 0 0 0 0 0 0 2 0 2 0 0 0 2 0 1 0 1 1 2 0 2 1 2 3 0 1 0 2 0 0 1 0 0 0 0 0 0 0 0 1 1 1 0 1 0 1 0 0 5 1 0 0 0 1 0 3 0 0 2 0 0 0 0 1 0 1 2 2 0 2 0 0 0 1 0 1 2 0 1 1 0 0 2 0 0 3 0 0 0 0 2 1 1 0 0 1 0 1 0 0 0 1 3 0 0 2 0 0 0 0 0 1 1 3 1 0 0 3 0 1 0 0 0 0 0 0 1 0 0 0 0 3 0 1 2 0 0 1 2 0 3 0 0 2 0 2 0 1 0 1 0 0 1 0 0
ind_136 0 3 0 0 0 1 2 0 0 0 1 2 0 0 0 0 0 0 0 0 1 2 5 2 0 0 0 0 2 1 0 0 0 0 0 0 0 0 2 1 0 0 0 0 0 0 0 0 2 3 2 0 0 0 1 0 0 0 0 0 1 0 0 1 1 0 0 0 0 0 0 1 0 0 3 0 0 1 4 0 1 0 2 0 2 0 0 0 0 0 0 0 0 0 0 2 0 1 0 1 0 0 0 0 0 0 0 3 0 0 0 0 0 1 0 1 2 0 0 0 0 0 0 0 0 1 1 0 0 0 0 2 0 5 0 0 0 0 2 0 0 1 0 0 0 0 0 0 0 1 1 0 1 1 0 0 0 0 0 1 0 0 0 1 0 0 0 5 0 0 0 0 0 0 0 0 0 0 1 0 0 0 1 0 0 1 1 1 0 0 1 0 0 0 1 1 0 0 2 0
ind_137 1 0 2 0 1 0 2 0 1 4 0 2 0 0 1 2 1 1 0 3 0 0 0 0 2 0 0 2 0 0 0 1 0 0 0 2 0 0 2 1 2 3 0 2 1 0 0 1 1 0 0 2 0 0 0 0 1 0 1 1 1 3 0 0 0 1 2 1 1 0 2 0 2 1 0 0 0 1 0 0 0 0 0 2 3 0 0 1 0 2 0 0 0 0 1 0 0 0 1 0 0 0 2 2 0 2 2 0 0 0 1 0 1 0 0 0 0 0 2 0 0 2 0 2 1 0 0 0 0 2 0 0 0 0 0 1 0 2 0 0 1 1 2 2 0 0 0 0 0 0 1 0 0 0 0 0 0 2 0 1 1 0 0 1 1 1 1 0 0 0 0 1 0 0 2 1 1 1 0 0 3 0 0 0 0 1 0 0 0 0 0 0 1 0 0 0 0 0 0 0
ind_137 0 0 0 0 1 0 0 0 0 0 1 0 1 0 0 0 0 0 2 0 2 1 1 0 0 0 1 0 1 0 0 0 0 2 0 0 2 1 0 0 0 0 0 0 1 1 3 0 0 1 0 0 0 0 1 0 0 0 0 0 0 0 0 1 3 0 0 0 0 0 0 0 0 0 1 0 0 1 0 0 0 2 0 1 0 0 1 0 0 0 0 0 0 0 0 0 0 0 0 0 0 1 0 0 0 0 0 2 0 0 0 0 0 1 0 0 0 0 0 3 0 0 1 0 0 0 0 0 0 0 0 0 0 0 1 0 0 0 0 0 0 0 0 1 1 0 0 0 1 1 0 0 3 0 0 1 0 0 0 0 0 1 0 0 1 0 0 1 1 0 0 0 0 0 2 0 0 0 0 0 0 2 1 2 1 0 0 3 0 0 1 3 0 0 0 4 0 0 0 0
ind_138 1 0 0 2 1 1 1 1 1 1 0 0 0 0 0 0 1 0 0 1 0 0 0 0 3 1 0 0 2 0 1 1 0 0 0 1 1 0 0 0 0 1 1 3 0 0 0 0 0 0 0 0 2 1 0 1 2 1 0 2 2 1 0 2 0 0 1 0 0 1 2 0 2 1 0 0 0 3 0 1 0 0 1 0 1 2 2 4 0 1 1 3 0 2 1 0 0 0 0 1 0 0 0 1 0 1 4 0 0 0 2 2 0 0 0 0 2 0 0 0 0 2 0 1 0 0 0 0 1 1 2 0 0 3 1 0 0 1 0 0 0 0 0 0 0 0 1 1 0 0 1 0 0 1 0 0 1 1 0 0 0 0 0 1 0 0 0 1 0 2 1 0 0 0 0 0 0 1 1 1 0 1 0 0 1 1 0 0 2 1 1 0 0 0 0 0 2 2 0 3
ind_138 0 0 0 0 0 0 1 0 0 0 0 0 1 0 0 0 0 0 0 0 0 0 2 3 1 0 1 0 0 0 0 0 0 0 0 0 0 0 0 0 0 0 0 0 2 1 0 0 0 0 0 0 0 0 1 3 0 0 0 0 0 0 0 1 2 0 0 0 0 1 0 0 0 0 0 0 0 0 1 0 2 0 0 1 0 0 0 0 0 0 0 0 2 0 0 0 0 0 0 1 0 1 0 0 1 0 0 0 0 0 0 0 0 0 0 1 0 0 0 0 2 0 1 0 1 0 0 0 1 0 0 2 0 1 0 0 0 0 0 0 0 1 1 1 0 0 1 0 0 1 1 0 0 0 1 0 0 0 0 0 0 2 0 0 1 0 0 0 3 0 0 0 1 1 1 0 0 1 0 0 0 0 0 0 0 0 0 2 1 0 1 0 0 2 0 3 0 0 0 0
ind_139 0 0 0 2 0 1 2 1 0 0 0 0 0 0 0 0 0 1 0 2 0 0 0 0 1 0 0 1 2 3 0 1 0 3 2 2 0 1 0 2 0 0 1 1 0 0 0 1 1 0 0 2 0 1 0 1 0 0 0 1 0 1 2 0 0 1 1 1 0 0 0 0 1 0 0 0 0 1 0 2 1 0 0 1 0 0 0 2 0 0 1 2 0 0 2 0 0 0 1 0 1 1 0 1 0 0 5 0 0 0 1 0 0 0 2 0 0 0 1 0 2 0 2 1 0 0 0 0 1 1 0 0 0 0 0 1 0 0 0 1 0 0 2 0 0 0 0 0 0 0 1 1 0 4 1 0 0 1 0 0 0 0 1 1 0 1 0 0 0 0 1 0 1 0 0 0 3 2 0 0 2 0 0 0 0 2 0 0 0 2 0 0 1 2 0 0 2 0 1 0
ind_139 0 0 0 0 0 0 0 0 0 0 0 4 0 1 1 0 0 0 0 0 1 1 0 0 1 0 0 2 0 0 0 0 0 0 0 0 0 0 1 2 0 0 0 0 1 1 2 0 0 1 1 0 0 0 0 0 0 0 0 0 0 0 0 1 2 0 0 0 0 0 0 1 0 0 1 1 0 2 2 0 0 0 0 1 0 1 1 0 0 0 0 0 0 0 0 2 0 0 0 0 0 0 0 0 0 0 0 0 0 2 0 0 0 0 0 0 1 0 0 0 0 0 1 0 0 0 0 0 0 0 0 1 0 0 2 0 0 0 0 0 0 2 0 0 0 0 0 0 1 3 0 0 1 0 0 0 0 0 0 0 0 1 0 0 1 0 0 0 0 0 1 0 0 1 0 0 0 0 0 1 0 1 1 0 1 2 1 0 0 0 0 2 0 0 0 1 0 0 0 0
ind_140 1 1 1 0 0 2 1 0 0 2 0 0 0 0 0 1 1 1 0 2 0 0 0 0 1 0 0 0 1 0 0 2 1 0 0 1 1 0 1 0 2 2 0 2 1 0 0 0 1 0 0 0 0 1 0 1 2 0 1 1 0 0 0 0 0 1 1 0 1 0 3 1 0 0 0 1 0 3 0 3 2 1 0 0 2 2 0 1 0 1 1 4 0 0 0 0 1 0 0 0 0 0 2 0 2 0 1 0 0 0 1 2 0 0 0 0 0 0 3 0 0 1 2 3 1 0 1 1 0 1 0 0 0 0 0 1 0 1 0 1 0 0 0 1 0 0 1 1 0 0 1 1 1 0 1 0 0 1 0 0 2 0 3 0 0 2 1 0 0 1 0 2 1 0 0 1 0 1 0 2 2 1 0 1 0 2 0 0 0 1 0 0 1 0 0 0 0 1 0 1
ind_140 0 0 0 0 1 0 0 0 0 0 1 0 0 1 2 0 0 0 2 0 0 1 1 0 0 0 2 0 0 0 0 0 0 1 0 0 0 1 0 0 0 0 0 0 0 2 1 0 1 0 2 0 2 0 1 0 0 0 1 0 1 0 0 1 0 1 0 0 0 0 0 2 1 0 1 1 1 1 0 0 0 0 0 0 0 0 1 0 1 0 0 0 0 0 0 2 0 0 0 4 0 0 0 0 0 0 0 1 0 0 0 0 1 0 1 4 0 0 0 0 1 0 0 0 0 1 0 0 0 0 0 1 1 1 2 0 0 0 0 0 0 1 0 1 1 1 0 0 1 1 0 0 0 0 0 3 0 0 1 1 0 1 0 0 1 0 0 1 2 1 0 0 0 1 2 0 0 0 0 0 0 0 0 0 1 0 0 2 1 0 2 0 0 0 0 2 0 0 0 0
ind_141 0 0 2 0 0 0 2 0 1 1 0 1 0 1 1 1 0 0 0 2 0 0 0 0 2 0 1 1 0 0 0 1 2 2 2 2 0 0 0 0 1 1 1 1 0 0 0 0 0 0 0 0 2 0 0 0 0 2 2 0 0 0 3 0 0 0 1 2 1 0 1 0 2 2 0 0 0 0 0 0 0 0 0 1 0 0 0 2 0 1 0 0 0 3 2 0 0 0 1 0 0 0 1 1 0 1 1 0 0 1 1 1 1 0 0 0 0 0 1 0 1 0 0 1 3 0 0 0 1 1 1 0 0 0 0 0 1 2 0 0 1 0 0 0 0 1 1 2 2 1 0 0 1 0 0 1 0 0 1 0 1 0 1 1 0 0 0 2 0 2 1 0 0 1 0 1 2 1 0 0 2 1 0 1 2 0 0 0 1 0 0 0 1 1 0 0 2 0 2 0
ind_141 0 0 0 0 0 0 0 0 0 0 1 1 1 0 0 0 0 0 0 0 4 0 1 0 0 0 1 0 0 1 1 0 0 0 0 0 1 0 1 2 0 0 0 0 0 0 1 0 0 3 2 0 0 0 1 0 0 0 1 0 0 0 0 0 0 0 0 0 0 1 0 4 0 0 1 0 0 0 2 0 0 1 2 0 0 1 2 1 0 0 0 0 0 0 0 1 0 0 2 0 0 0 0 0 1 0 0 0 2 0 0 0 0 1 0 1 0 2 1 2 1 0 2 0 2 1 0 0 0 0 0 1 0 0 0 0 0 0 0 0 0 1 0 1 2 0 1 0 0 2 0 0 0 0 1 0 0 1 0 2 0 1 0 0 0 0 1 1 0 0 0 0 3 0 2 0 1 1 0 0 0 0 0 1 0 0 0 2 4 0 0 0 0 1 0 0 0 0 0 0
ind_142 1 1 1 0 0 0 0 1 2 1 0 0 0 0 0 0 1 1 0 0 0 0 0 0 0 0 0 0 1 0 0 0 2 1 2 1 1 0 0 0 1 1 1 1 0 0 0 3 0 0 0 0 0 0 0 0 1 4 3 2 0 0 1 0 0 0 1 2 0 2 0 0 2 2 0 0 0 0 0 2 0 1 0 0 1 0 0 0 0 0 0 1 0 1 2 0 1 0 1 1 0 0 1 2 0 0 2 1 0 0 1 0 0 0 0 0 2 0 1 1 0 0 0 0 1 0 0 1 2 0 0 0 1 0 1 1 1 2 2 4 1 0 2 0 0 0 0 1 0 1 0 1 0 1 0 2 0 0 1 1 1 1 1 1 0 2 0 0 0 1 2 2 0 0 0 0 0 2 0 0 1 0 0 2 0 0 0 0 0 0 1 0 2 1 1 0 0 1 1 3
ind_142 0 0 0 0 2 0 0 0 0 0 2 2 1 0 1 0 0 0 1 0 1 1 1 1 0 0 1 0 0 0 0 0 0 0 0 0 0 1 0 0 0 0 0 0 0 1 2 0 0 0 2 0 1 1 0 0 0 0 0 0 1 0 0 0 0 0 0 0 0 0 0 0 0 0 3 1 0 1 0 0 0 1 0 0 0 0 2 0 0 0 1 0 0 0 0 0 1 1 1 0 0 1 0 0 0 0 1 0 2 0 0 0 1 0 2 0 0 0 1 0 0 0 1 0 0 2 1 0 2 0 0 0 1 0 1 0 0 0 0 0 0 0 0 1 0 0 0 0 0 0 0 2 2 0 1 0 0 1 0 0 2 0 0 1 0 0 1 2 0 0 1 0 0 1 0 0 1 0 0 0 0 1 0 0 0 0 1 1 0 0 0 2 0 0 1 1 0 0 1 1
ind_143 1 1 0 0 1 1 1 0 0 3 0 0 3 0 0 1 2 1 0 4 0 0 0 0 0 1 0 2 1 2 0 3 1 2 0 0 0 2 0 0 1 0 1 2 0 0 0 2 1 0 0 1 1 2 0 0 1 1 0 1 2 0 2 1 0 1 1 1 1 0 0 0 0 1 0 1 1 0 0 1 0 0 0 0 0 2 1 0 0 0 1 0 1 0 0 0 2 0 1 0 2 0 3 2 1 0 0 0 0 0 1 0 1 0 2 0 0 0 1 0 1 3 0 1 2 0 0 1 1 1 0 0 0 0 0 1 1 0 0 2 1 0 1 1 0 0 0 2 0 0 2 0 1 5 1 3 3 1 0 0 1 0 2 0 1 0 0 0 0 1 0 0 0 1 0 2 1 1 1 1 0 1 0 1 2 0 0 0 1 0 0 0 3 1 0 0 2 0 2 1
ind_143 0 0 0 0 0 0 1 0 0 0 0 2 0 1 1 0 0 0 1 0 1 2 1 2 2 0 0 0 0 0 1 0 0 0 0 0 2 0 2 1 0 0 0 0 2 1 0 0 1 4 0 0 0 0 1 0 0 0 2 0 1 0 0 1 1 0 0 0 0 0 0 1 0 0 1 0 0 0 0 0 0 0 0 1 0 0 0 0 0 0 0 0 0 0 0 0 0 0 0 0 0 1 0 0 1 0 0 1 0 1 0 0 0 1 0 2 1 1 0 0 0 0 0 0 0 0 2 0 0 0 0 5 2 0 0 0 0 0 1 0 0 1 1 0 2 0 0 0 1 1 0 0 1 0 4 1 0 0 1 0 0 2 0 2 1 0 0 1 0 0 0 0 1 0 1 0 0 0 3 0 0 0 0 0 0 0 3 1 0 0 0 5 0 0 0 0 0 0 0 0
ind_144 0 2 2 0 0 2 0 2 2 1 0 0 0 0 0 0 1 2 0 2 0 0 0 0 0 0 0 2 0 1 0 0 2 2 3 1 1 0 0 0 2 0 0 2 0 0 0 2 1 0 0 0 0 0 0 1 0 3 2 1 1 1 2 0 0 0 0 1 0 0 0 2 0 1 0 0 0 0 0 1 0 2 1 1 1 0 0 0 0 2 1 0 0 0 0 0 0 0 1 0 1 0 1 3 0 0 0 0 0 1 1 3 1 0 0 0 1 0 0 0 0 2 0 2 0 1 0 0 0 1 0 2 2 1 0 2 2 0 0 0 2 0 0 0 0 2 0 0 0 1 0 0 0 3 0 1 0 1 2 0 1 0 3 2 0 0 2 0 0 0 1 1 0 0 0 0 0 0 0 1 1 1 0 0 2 0 0 0 0 1 2 0 0 0 0 0 0 3 0 0
ind_144 0 1 0 0 0 0 1 0 0 0 1 1 0 1 1 0 0 0 0 0 0 1 1 2 0 0 1 0 0 0 0 0 0 0 0 0 0 0 1 0 0 0 0 0 0 1 0 0 1 0 2 0 0 0 1 0 0 0 0 0 0 0 0 0 2 1 0 0 0 0 0 0 0 0 0 0 2 0 0 0 2 0 0 0 1 3 1 0 1 0 0 0 4 0 0 2 0 0 0 0 0 2 0 0 0 0 2 0 1 0 0 0 0 1 1 1 0 1 0 1 0 0 0 0 0 2 2 0 0 0 0 0 0 1 2 0 0 0 3 0 1 0 2 2 1 0 1 0 0 0 0 1 1 0 3 0 0 1 0 0 0 2 0 0 2 1 0 0 1 0 1 0 0 2 1 0 2 0 0 0 0 0 0 0 0 0 0 1 0 0 0 2 0 0 1 2 0 0 1 0
ind_145 1 0 0 0 0 0 0 1 0 0 0 0 0 1 0 2 2 1 1 1 0 0 0 0 0 1 0 1 0 0 0 1 0 0 1 1 1 0 0 0 5 1 1 0 1 0 0 0 0 0 0 0 0 3 0 0 2 3 0 4 1 0 1 0 0 1 0 3 2 0 2 0 0 1 0 0 0 0 0 2 0 0 0 4 0 0 0 1 2 0 1 1 1 2 0 0 0 1 1 0 1 0 2 3 1 2 1 1 0 0 1 0 0 0 1 0 0 0 2 0 1 3 0 1 0 0 0 0 0 0 0 0 1 0 2 2 0 1 0 0 0 0 0 0 0 1 0 0 0 0 2 0 0 2 0 0 0 1 1 0 2 0 3 1 0 1 0 0 0 3 0 1 0 0 0 1 1 0 1 0 0 0 2 0 2 0 0 0 1 1 0 0 1 1 0 0 2 0 0 0
ind_145 0 0 0 0 0 0 4 0 0 0 0 0 0 0 0 0 0 0 0 0 0 0 1 2 0 0 0 0 0 1 3 0 0 0 0 0 2 1 0 0 0 0 0 0 0 0 1 0 1 0 1 0 0 2 1 0 0 0 0 0 0 0 0 1 1 0 0 0 0 0 0 1 0 0 1 3 1 0 0 0 4 2 1 0 1 0 1 0 0 0 1 0 0 0 0 2 0 1 0 0 0 1 0 0 0 0 0 1 3 0 0 0 0 0 0 2 0 3 0 1 1 0 1 0 0 0 0 2 0 0 0 1 1 0 2 0 0 0 1 0 0 0 1 1 0 0 0 0 0 0 1 0 1 0 0 0 0 1 0 0 0 2 0 0 1 1 0 0 0 0 0 0 3 0 1 0 0 1 0 0 0 0 0 1 0 0 0 2 0 0 1 1 0 1 1 1 0 0 0 0
ind_146 1 1 0 0 0 3 1 0 0 1 0 0 0 0 0 1 1 4 0 0 0 0 0 0 1 0 0 2 0 1 1 1 1 1 1 1 1 0 0 1 0 1 1 2 0 0 0 1 0 0 0 0 1 0 0 0 2 0 1 2 0 0 0 0 0 0 1 1 3 0 0 0 1 1 0 1 0 0 0 0 2 0 0 1 0 0 0 4 0 0 1 3 0 2 0 0 2 0 2 0 0 0 2 1 1 2 0 0 1 0 1 0 0 0 0 0 0 0 0 0 1 1 0 1 1 0 0 2 0 0 1 0 0 0 0 0 1 0 0 3 2 2 1 0 0 0 2 0 0 0 2 0 0 0 1 0 0 1 0 2 0 1 0 0 0 0 0 0 0 1 0 1 0 0 0 2 1 0 0 1 1 0 0 0 0 0 0 0 2 4 2 0 2 0 1 0 1 1 1 1
ind_146 0 0 0 0 1 0 0 0 0 0 1 2 2 1 2 0 0 0 0 0 1 1 1 0 0 1 0 0 0 0 0 0 0 0 0 0 0 2 0 0 0 0 0 0 0 1 0 0 1 2 2 0 0 0 1 0 0 0 0 0 1 0 0 0 1 0 0 0 0 1 0 2 0 0 1 1 1 0 0 0 0 1 2 0 0 0 1 0 0 0 0 0 0 0 0 1 0 0 0 0 0 2 0 0 0 0 0 0 1 0 0 0 0 0 0 2 1 0 0 4 0 0 0 0 0 1 1 0 0 0 0 0 1 2 0 0 0 0 1 0 0 0 0 2 0 0 0 0 2 1 0 0 1 0 0 1 0 0 0 0 1 1 0 1 0 0 0 0 1 0 0 0 0 0 1 0 0 0 0 0 0 0 1 0 1 0 1 0 0 0 0 0 0 0 0 0 0 0 1 0
ind_147 2 0 1 0 1 1 0 1 5 0 0 0 0 0 0 1 0 0 2 2 0 0 0 0 0 0 0 0 0 0 0 1 1 0 2 1 0 1 0 0 0 0 0 2 0 0 0 1 1 0 0 0 1 2 0 1 1 0 0 1 0 1 2 0 0 0 1 0 0 0 2 0 1 2 0 0 0 2 0 0 1 1 3 1 0 0 0 0 1 0 0 3 0 2 1 0 1 0 0 0 2 0 1 2 0 1 1 1 0 0 2 4 0 0 1 0 0 0 0 0 2 1 0 1 0 0 0 2 2 0 1 0 0 0 0 0 2 1 0 3 2 0 1 0 0 0 0 2 0 1 0 2 0 0 0 2 1 1 1 0 1 0 1 1 0 0 0 0 0 2 0 0 0 0 0 0 1 0 2 0 1 0 0 1 0 0 0 0 0 0 2 0 0 2 0 0 1 0 0 0
ind_147 0 0 0 0 1 0 1 0 0 0 1 0 2 2 3 0 0 0 0 0 1 2 1 1 0 0 1 2 0 1 0 0 0 0 0 0 0 0 3 0 0 0 0 0 3 0 1 0 2 2 0 0 0 0 0 0 0 0 0 0 0 0 0 0 0 0 0 0 0 0 0 3 0 0 0 1 1 1 1 0 0 1 0 0 0 0 0 0 0 0 0 0 0 0 0 2 0 1 0 2 0 0 0 0 1 0 0 0 1 0 0 0 0 0 0 0 1 1 0 2 0 0 0 0 0 1 0 0 0 0 0 2 1 0 2 0 0 0 1 0 1 3 0 0 3 0 0 0 2 1 0 1 0 0 0 0 0 0 3 1 0 1 0 0 0 0 1 1 2 0 1 0 1 0 1 0 1 0 0 0 0 1 0 1 0 0 1 1 0 0 0 1 0 1 0 0 0 0 0 0
ind_148 1 0 1 2 0 0 0 2 0 0 0 0 0 0 1 2 2 3 0 1 0 0 0 0 0 1 1 0 0 0 1 0 2 0 3 1 0 2 0 1 2 0 2 1 0 0 0 1 0 0 0 0 1 1 0 1 1 2 0 2 2 0 1 1 0 1 1 0 0 0 0 0 1 1 0 0 1 0 0 0 0 0 0 0 0 0 0 1 0 1 0 1 0 0 2 0 1 0 0 0 2 0 0 1 0 2 1 0 1 0 2 0 2 1 0 0 0 0 1 0 1 4 0 0 0 0 0 2 2 0 2 0 0 0 0 0 1 0 0 1 0 2 2 0 0 1 5 1 0 0 2 1 0 0 0 0 0 1 0 0 1 0 0 0 0 0 0 0 0 0 0 1 0 0 0 1 1 1 0 0 2 1 1 0 0 0 0 0 2 1 0 0 0 1 0 0 1 1 2 3
ind_148 0 1 0 0 0 1 1 0 0 0 0 0 1 1 0 0 0 0 0 0 1 0 2 0 1 0 0 0 0 0 2 0 0 0 0 0 1 0 1 0 0 0 0 0 0 1 1 0 0 1 1 0 0 0 0 1 0 0 0 0 0 0 0 0 3 0 0 0 0 0 0 2 0 0 0 1 0 0 2 0 2 0 0 0 0 1 0 0 0 0 0 0 0 0 0 1 0 0 0 1 0 1 0 0 1 0 0 0 1 1 0 0 0 0 0 0 3 1 0 1 0 0 0 0 0 3 2 0 0 0 0 1 2 0 2 0 0 0 1 0 0 2 2 0 0 1 0 0 1 2 0 0 1 0 0 2 0 0 3 0 0 0 0 0 0 0 0 0 0 0 0 0 1 0 0 0 0 0 0 1 0 1 1 2 0 1 3 0 1 0 0 3 0 0 0 0 0 0 0 0
ind_149 1 1 0 0 0 0 1 0 1 1 0 0 0 0 0 0 0 1 0 0 0 0 0 0 0 0 0 1 1 0 0 2 0 1 2 0 0 0 1 0 1 1 0 2 1 0 0 1 0 0 0 1 1 2 0 0 0 1 0 0 0 0 1 0 0 0 1 2 1 1 0 3 0 0 0 0 0 0 0 0 0 0 2 0 0 1 0 1 0 2 1 0 0 0 2 0 1 0 2 1 0 0 1 3 0 0 0 0 0 1 1 0 1 0 0 0 3 0 1 0 0 1 0 3 0 2 0 1 3 0 1 0 0 0 1 0 1 1 2 1 1 0 1 0 0 0 1 0 1 1 0 0 0 0 0 0 1 0 0 1 0 0 2 0 1 2 0 2 0 0 1 1 0 0 0 1 0 0 1 1 1 0 0 0 0 1 0 0 2 1 0 0 0 1 2 0 0 1 1 0
ind_149 0 0 0 0 1 0 0 0 0 0 1 0 1 1 0 0 0 0 2 0 1 0 1 3 0 1 4 0 0 0 0 0 0 1 0 0 0 0 0 0 0 0 0 0 0 1 1 0 0 1 3 0 1 0 0 0 0 0 0 0 1 0 0 0 0 2 0 0 0 0 0 0 0 0 1 2 3 3 1 0 0 0 0 1 3 0 1 0 1 0 0 0 1 0 0 1 0 0 1 0 0 0 0 0 0 0 0 0 1 0 0 0 0 0 0 0 0 2 1 1 0 0 0 0 0 0 0 0 0 0 0 1 0 1 1 0 0 0 0 0 0 1 0 2 0 1 0 0 1 0 1 0 0 1 0 0 0 0 0 1 1 0 0 1 1 0 1 1 0 0 0 0 0 0 1 0 1 1 0 0 0 1 0 0 0 0 0 1 0 0 0 0 0 0 0 3 0 0 1 0
ind_150 2 0 0 0 0 2 1 3 1 0 0 0 0 0 0 2 0 0 0 1 0 0 0 0 0 0 0 1 1 0 0 3 0 1 1 0 1 0 0 0 0 0 1 0 0 0 0 1 1 0 0 0 1 0 0 0 2 2 0 3 0 2 1 0 0 0 3 1 1 0 1 0 0 2 0 1 0 0 0 2 1 2 2 0 0 2 0 1 0 1 1 1 0 0 2 0 2 0 0 0 1 0 0 0 2 0 0 0 2 2 0 0 1 1 1 0 0 0 2 1 1 2 0 1 1 0 0 2 0 1 1 0 0 0 0 0 0 2 0 2 4 0 1 0 0 0 0 0 0 1 0 1 0 0 0 0 1 3 1 1 1 0 2 0 0 1 0 0 0 1 1 2 0 3 1 0 0 3 1 2 1 0 0 1 0 1 0 0 1 2 3 0 0 1 0 0 1 1 1 3
ind_150 0 0 0 0 1 0 0 0 0 0 3 1 0 0 0 0 0 0 1 0 0 2 1 2 0 0 0 0 0 0 0 0 0 0 0 0 0 0 0 0 0 0 0 0 0 0 0 0 0 1 1 0 1 0 0 0 0 0 1 0 1 0 0 1 2 0 0 0 0 0 0 0 2 0 1 0 0 0 1 0 0 0 0 1 0 0 0 0 0 0 0 0 0 0 0 2 0 0 0 0 0 0 0 0 0 0 0 1 1 1 0 0 1 0 0 0 0 0 0 1 1 0 0 0 0 1 1 0 0 0 0 1 0 0 1 0 0 0 1 0 0 0 0 0 0 0 0 0 0 0 1 0 1 2 0 1 0 0 0 0 1 0 0 1 0 0 1 1 0 1 2 0 0 1 0 0 0 0 0 0 0 0 1 0 1 1 1 1 0 0 1 0 0 0 1 2 0 0 1 0
ind_151 2 1 1 2 1 0 0 3 3 0 0 3 0 0 0 2 0 1 1 1 0 0 0 0 0 0 1 0 0 0 1 1 4 1 0 1 3 1 0 0 0 1 0 0 0 1 0 1 1 0 0 1 1 0 0 0 0 0 0 1 0 0 2 0 0 2 1 0 0 0 0 0 3 0 0 1 1 0 0 2 1 0 1 1 1 0 1 0 0 1 0 2 0 1 0 0 2 0 2 0 0 0 1 2 0 1 0 0 1 0 0 1 2 0 0 0 0 0 1 0 0 1 0 1 2 0 0 0 1 1 4 0 0 1 1 0 0 0 0 0 0 0 0 0 1 0 1 0 0 0 1 1 0 1 0 1 0 0 0 1 1 0 2 0 0 0 1 0 0 0 0 0 0 0 1 0 1 2 0 0 1 0 3 1 0 2 1 0 0 1 0 0 1 1 1 1 1 0 0 3
ind_151 0 0 0 0 0 0 1 0 0 0 2 0 0 1 1 0 0 0 0 0 0 1 1 1 0 0 0 0 0 0 0 0 0 0 0 0 0 0 2 0 0 0 1 0 1 2 1 0 2 1 2 0 0 0 0 1 0 0 1 1 0 0 0 1 1 0 0 0 0 0 0 0 0 0 1 0 0 0 2 0 0 0 0 1 0 1 0 0 0 0 0 0 0 0 0 1 0 2 0 2 0 0 0 0 1 0 0 1 0 1 0 0 0 0 0 0 0 1 0 1 2 0 0 0 0 4 1 0 0 0 0 3 2 0 0 0 0 0 0 0 0 1 0 0 0 0 0 0 1 0 0 0 0 0 0 0 0 0 0 0 0 2 0 1 1 1 1 1 0 0 0 0 0 1 1 0 0 0 1 1 0 2 0 0 0 0 0 1 0 0 0 0 0 0 0 2 0 0 0 0
ind_152 2 0 0 1 2 0 0 0 1 1 0 0 0 0 0 1 0 2 0 0 0 0 0 0 1 2 1 1 0 0 0 0 0 0 0 0 0 1 0 0 2 1 0 2 0 0 0 0 1 0 0 0 0 3 0 2 0 1 0 1 1 1 0 1 0 0 0 1 0 1 0 0 1 1 0 0 0 0 1 0 1 1 0 0 2 1 0 0 0 0 0 1 1 0 2 0 1 0 0 0 0 1 2 1 0 0 1 1 0 0 0 2 0 0 1 1 0 0 0 0 1 0 0 0 0 0 0 0 1 1 2 0 0 0 0 4 3 0 0 0 0 0 1 0 1 0 1 2 0 0 1 4 2 0 0 0 1 1 0 0 3 0 1 0 0 0 1 0 0 0 0 1 0 0 0 1 0 1 0 3 1 0 1 2 0 2 1 0 2 2 1 0 2 2 0 0 1 2 0 1
ind_152 0 1 0 0 0 0 1 0 0 0 1 0 2 0 0 0 0 0 1 0 1 3 0 1 1 0 0 1 0 0 0 2 0 4 2 0 1 0 1 0 0 0 0 0 2 0 2 0 0 0 4 0 1 0 1 0 0 0 0 0 0 0 0 0 2 0 0 0 0 1 0 2 0 0 2 1 2 0 0 0 3 1 0 2 0 0 3 0 0 0 0 0 0 0 0 1 0 1 0 0 0 1 0 0 0 0 0 0 0 0 0 0 0 0 0 1 1 1 0 2 0 0 1 0 0 2 0 0 0 0 0 1 0 0 0 0 0 0 0 0 0 1 0 1 0 0 0 0 1 1 0 0 0 0 0 1 0 0 0 0 0 0 0 0 0 0 0 2 3 0 0 2 1 1 2 1 0 1 1 0 0 3 0 0 1 0 0 0 0 0 0 2 0 0 0 1 0 0 0 0
ind_153 0 0 2 1 2 0 1 0 0 0 0 0 1 0 0 1 2 1 0 1 0 0 0 0 1 1 2 2 0 1 1 0 1 1 2 0 0 1 0 1 0 0 0 3 0 0 0 1 0 0 0 0 4 0 0 0 0 1 0 0 1 1 3 0 0 4 1 0 0 0 1 0 1 1 3 0 0 1 0 1 0 0 0 0 1 0 1 0 0 1 1 1 0 0 0 0 0 0 0 0 2 0 0 1 0 0 0 0 2 0 0 0 1 0 0 1 0 0 0 0 0 1 0 1 1 0 0 0 3 1 2 0 0 1 1 0 0 0 0 0 0 0 2 1 2 0 0 0 0 1 0 1 0 2 0 0 0 0 1 0 1 1 1 0 0 0 0 0 0 3 0 0 1 0 0 1 0 0 0 2 1 0 1 0 0 0 0 0 1 0 1 0 0 0 0 0 0 0 1 1
ind_153 0 0 0 0 0 2 2 0 0 1 1 0 0 0 1 0 0 0 0 0 1 1 0 2 0 0 0 0 0 1 1 0 0 0 0 0 0 0 3 0 0 0 1 0 1 0 0 0 1 0 1 0 0 0 1 0 0 2 1 2 0 0 0 0 0 0 0 1 1 0 0 1 0 0 2 0 0 0 2 0 0 0 0 1 0 0 0 0 0 0 0 0 1 0 1 0 0 1 1 2 0 1 0 0 0 0 0 0 0 0 0 0 0 0 0 0 0 0 3 0 2 0 0 0 0 1 0 0 0 0 0 0 3 0 0 0 0 0 0 0 0 0 0 0 0 0 0 2 1 0 0 0 0 0 1 0 0 0 0 0 0 0 0 2 0 0 1 0 0 0 1 0 1 1 0 0 0 1 0 0 0 0 0 0 0 0 0 0 0 0 0 2 0 1 0 0 0 0 0 0
ind_154 3 1 1 0 1 0 0 0 1 0 0 1 0 0 0 0 1 0 1 1 0 0 2 0 1 1 1 1 2 1 2 0 0 0 0 2 1 0 0 2 1 1 0 1 0 0 0 0 0 0 0 1 0 1 0 4 0 2 1 0 0 2 0 0 0 1 0 0 0 0 1 0 1 0 1 0 0 2 0 2 0 0 1 0 0 1 0 0 0 1 0 1 0 0 0 0 0 0 0 0 0 2 1 1 1 1 3 0 0 0 0 1 3 0 0 1 1 0 0 0 0 0 0 1 2 0 0 0 3 1 1 0 0 0 1 1 0 0 0 0 0 0 0 1 3 0 0 1 0 0 1 0 0 0 0 1 2 0 1 1 2 0 1 0 0 0 1 0 0 1 0 1 0 1 0 0 0 0 0 0 2 2 0 0 0 0 0 0 0 0 1 1 0 0 0 0 0 0 0 0
ind_154 0 0 0 0 0 0 1 0 0 0 2 0 0 0 2 0 0 0 0 0 0 1 1 0 1 0 0 0 1 0 0 0 0 0 1 0 0 0 1 0 0 0 1 0 2 0 6 0 0 0 1 0 0 0 0 0 0 0 0 1 0 0 0 0 0 0 0 0 0 1 0 1 0 0 1 1 0 0 1 0 0 1 0 1 0 0 0 0 1 0 0 0 0 1 0 1 0 0 0 1 0 0 0 0 0 0 0 2 0 0 2 0 0 0 0 0 0 0 0 3 1 0 0 0 0 2 0 0 0 0 0 1 1 1 1 0 0 0 1 0 0 1 0 0 0 1 0 1 0 0 0 0 0 0 1 1 0 0 0 0 0 1 0 1 0 1 0 2 2 0 1 0 2 0 0 1 0 0 0 0 0 0 0 0 1 0 0 2 0 0 0 1 1 0 3 1 0 0 1 0
ind_155 0 1 1 1 0 2 0 0 0 0 0 0 0 0 0 2 0 0 0 1 0 0 0 0 2 1 2 1 1 0 1 2 0 0 1 0 1 1 1 0 0 0 0 1 0 0 0 3 0 0 0 1 0 2 0 0 0 0 0 0 1 1 1 0 0 1 1 0 0 0 1 0 0 3 0 1 1 2 0 0 1 0 1 1 1 0 0 2 1 1 0 1 0 0 0 1 0 0 0 0 1 0 1 2 0 0 0 2 0 0 2 1 0 1 0 1 0 1 1 0 0 2 0 1 0 0 0 1 1 0 0 0 0 0 0 1 3 2 1 0 0 0 0 0 3 0 3 0 0 0 0 2 1 0 0 0 1 0 0 0 0 2 1 0 0 0 0 0 0 3 0 0 2 0 1 1 1 0 0 1 0 0 2 1 0 0 2 0 1 2 0 0 0 1 1 0 0 1 1 1
ind_155 0 1 1 0 0 1 2 1 0 0 1 0 1 0 3 0 1 0 0 0 1 1 0 3 0 0 0 1 0 0 1 0 0 1 0 1 1 0 1 1 4 0 0 0 0 0 3 0 0 0 1 0 1 0 1 0 0 1 3 0 0 0 0 1 3 0 0 1 0 1 0 0 0 0 2 0 0 0 1 0 0 1 0 0 0 2 0 0 0 0 3 0 0 0 0 0 0 0 0 0 0 2 0 0 0 0 0 0 0 1 0 0 1 0 0 0 0 0 0 0 1 0 0 0 0 2 0 0 0 0 0 0 1 0 1 0 0 0 0 0 0 1 1 0 0 0 0 0 0 0 0 0 0 0 1 0 0 0 0 0 0 1 0 0 1 1 0 0 0 0 2 1 0 0 1 1 1 0 0 0 0 0 0 1 0 0 0 2 0 0 0 0 0 0 2 2 0 0 1 0
ind_156 3 0 1 2 0 1 0 1 2 0 0 1 0 0 1 2 2 1 0 1 0 0 0 0 1 0 3 0 0 1 2 0 2 2 0 2 1 0 0 0 1 1 0 1 0 0 0 1 1 0 0 0 3 0 0 1 2 1 2 1 1 1 0 0 0 2 0 0 0 0 2 0 1 1 1 0 0 1 0 1 2 0 0 0 2 0 0 2 0 1 1 0 1 1 0 0 1 0 0 1 1 0 2 2 0 2 0 0 2 0 0 1 0 0 0 2 1 0 0 0 0 0 0 0 0 2 0 0 1 0 2 0 0 1 0 0 0 1 0 2 1 0 0 0 0 0 0 4 0 0 0 0 0 1 0 1 0 3 1 0 1 0 2 1 0 0 1 0 0 0 0 5 0 0 1 1 1 0 0 0 1 0 1 0 0 1 1 0 1 1 0 0 0 0 0 0 3 1 1 0
ind_156 0 0 0 0 0 0 1 0 0 0 0 1 1 1 0 0 0 0 0 0 1 0 3 0 0 0 0 0 0 0 0 0 0 0 0 0 0 0 2 0 0 0 3 0 1 2 2 0 0 0 0 0 0 0 2 1 0 0 2 0 0 0 0 1 1 0 0 0 0 1 0 1 0 0 0 0 0 0 1 0 0 1 1 0 0 0 0 0 0 1 1 0 0 0 1 0 1 2 0 1 0 1 0 0 2 0 0 4 0 1 0 0 0 0 1 0 0 0 0 1 2 0 1 0 0 2 2 0 0 0 0 0 2 1 2 0 0 0 0 0 0 1 0 0 0 0 0 0 0 2 0 0 0 0 1 0 0 0 0 0 0 3 0 0 0 2 0 1 1 0 2 0 2 0 1 0 1 1 0 1 0 1 0 0 3 0 0 1 0 0 2 1 0 0 0 0 0 0 0 0
ind_157 1 0 1 0 0 0 0 0 3 0 0 0 0 0 0 1 0 2 0 1 0 0 0 0 0 0 1 0 0 0 0 0 1 0 1 0 2 0 0 2 3 1 0 1 0 0 0 1 3 0 0 1 1 1 0 1 1 3 0 1 2 1 2 0 0 3 1 0 0 2 0 0 0 0 0 0 2 0 0 2 1 0 0 0 0 1 2 1 2 3 0 1 3 0 0 0 1 0 0 0 1 0 0 3 0 2 0 1 0 0 1 0 1 4 0 0 0 0 0 0 0 0 0 1 1 0 0 0 1 1 2 0 0 1 1 0 0 0 0 1 0 0 0 0 1 0 1 0 0 2 1 1 0 0 0 1 0 0 2 1 0 4 0 0 0 0 0 0 0 0 0 1 2 0 0 0 1 1 1 1 5 0 1 2 0 2 1 0 2 2 1 0 0 0 0 0 1 0 1 1
ind_157 0 0 0 0 0 2 0 3 0 1 1 0 2 3 0 0 0 0 2 0 1 1 0 3 0 0 0 0 0 0 0 0 0 1 1 0 0 0 1 0 0 0 1 0 2 0 0 0 0 0 2 0 1 0 1 0 1 0 0 0 0 0 0 0 1 0 0 0 0 0 0 0 0 0 2 0 1 2 4 0 1 3 1 1 0 0 0 0 0 0 0 0 0 0 1 2 0 0 0 1 0 2 0 0 0 0 0 1 0 0 0 0 0 0 0 0 0 0 0 0 0 0 0 0 0 1 1 0 0 0 0 3 1 0 0 0 0 0 0 0 2 2 0 0 0 1 0 6 1 0 0 0 0 0 1 0 0 0 0 0 0 0 0 0 0 0 2 1 1 0 0 0 0 1 2 1 2 0 0 0 0 2 0 0 3 0 0 2 0 0 0 1 0 0 0 0 0 0 0 0
ind_158 1 0 1 1 4 0 0 0 1 1 0 1 0 0 0 1 0 0 1 3 0 0 0 0 2 2 0 0 0 0 0 0 2 0 0 0 0 0 0 0 0 2 0 0 0 0 0 0 2 1 0 1 0 0 0 1 1 0 0 0 1 0 0 0 0 1 0 1 0 0 0 0 2 0 0 1 1 1 1 1 0 1 2 0 1 0 2 1 0 0 1 1 0 0 0 2 0 0 1 0 1 0 2 0 0 1 1 0 0 2 0 0 0 1 0 2 1 0 0 0 0 2 0 1 0 0 0 1 1 0 0 0 0 2 2 2 2 1 1 1 0 0 2 1 1 0 0 0 0 0 1 1 1 1 0 0 2 0 2 1 2 0 1 0 0 1 0 0 0 2 0 1 0 1 1 1 0 0 1 1 0 2 1 2 0 2 0 0 0 1 1 1 0 0 0 0 0 2 1 1
ind_158 0 0 0 0 0 0 2 0 0 0 0 0 1 0 1 0 0 0 3 0 1 1 0 1 2 0 0 1 0 1 0 0 0 0 1 0 1 0 0 0 2 0 0 0 1 1 1 0 0 1 2 0 1 0 0 1 0 0 1 0 0 0 0 1 1 0 1 0 0 1 0 0 0 0 1 1 0 1 0 0 0 1 0 0 0 0 1 0 0 1 0 0 0 1 0 0 0 0 0 1 0 0 0 0 1 0 0 0 0 0 0 0 0 0 1 0 0 0 4 0 2 0 0 0 0 0 1 0 0 0 0 1 1 0 0 0 0 0 0 0 1 0 0 0 0 1 0 0 3 0 0 0 0 0 1 0 0 2 0 0 0 0 0 4 0 1 0 0 0 0 0 0 1 0 1 0 0 0 1 0 0 0 0 0 0 0 0 1 0 0 0 1 0 1 0 1 0 0 0 0
ind_159 1 2 1 0 1 0 1 1 2 1 0 0 0 1 0 0 0 0 0 1 0 0 3 0 0 1 0 0 1 0 0 1 0 1 0 0 2 1 0 0 2 0 0 1 0 0 0 3 0 0 0 0 0 1 0 1 1 0 0 0 0 0 0 0 0 1 2 0 1 0 0 0 0 1 0 1 3 0 0 1 1 0 0 1 0 0 4 0 2 0 2 2 1 1 0 0 1 0 0 2 1 0 0 1 0 2 2 1 0 0 3 2 0 0 0 1 0 0 1 0 0 4 0 2 1 0 0 0 0 0 2 0 0 1 0 1 2 1 1 1 0 0 2 0 1 0 0 1 0 0 1 0 2 2 0 1 0 0 0 3 1 1 0 0 0 0 1 0 0 1 0 0 1 1 0 0 0 1 0 0 2 0 2 3 0 3 0 0 1 0 1 0 2 1 0 2 0 0 0 1
ind_159 0 0 1 0 0 1 0 0 0 0 0 0 0 1 0 0 1 0 0 0 3 0 0 0 1 0 0 0 2 1 1 0 0 0 0 0 0 0 0 1 0 0 1 0 2 1 3 0 0 0 0 0 0 0 3 0 0 0 0 0 0 0 0 1 1 0 0 0 1 1 0 1 0 0 1 0 0 0 1 0 0 0 0 0 0 0 0 0 0 0 0 0 0 0 0 1 1 1 0 0 0 1 0 0 1 0 0 0 0 2 0 0 1 0 1 0 0 0 0 3 4 0 1 0 0 2 1 0 0 0 0 2 3 0 0 0 0 0 0 0 3 1 2 0 0 3 0 0 0 0 0 0 0 0 2 0 0 1 0 0 0 1 0 0 0 2 0 0 0 0 1 0 0 3 1 0 0 0 0 0 0 1 0 0 4 0 1 1 0 0 0 2 0 0 1 0 0 0 0 0
ind_160 1 3 2 0 0 3 0 1 0 1 0 0 0 0 0 1 3 2 0 2 0 0 1 0 0 0 0 2 1 1 1 0 0 0 0 0 1 0 0 0 1 1 0 0 0 2 0 0 0 0 0 1 0 1 0 0 0 0 0 0 0 2 1 0 0 0 1 1 0 1 3 0 0 1 0 0 1 0 0 2 0 0 0 0 2 2 1 2 1 2 1 1 1 0 0 0 0 0 3 1 0 0 2 2 0 0 2 2 1 0 0 0 0 2 0 0 0 0 0 0 0 1 0 2 0 0 0 0 1 0 1 0 0 0 1 0 1 1 0 1 0 0 0 0 0 0 1 0 0 2 0 1 3 0 0 1 2 0 1 1 0 0 0 2 0 0 0 0 0 0 0 0 0 0 0 0 2 0 0 0 0 0 1 1 0 1 0 0 1 1 2 0 0 2 1 0 0 0 1 1
ind_160 0 0 0 0 0 0 1 0 0 0 2 0 0 2 0 0 0 0 4 0 1 0 0 0 0 0 0 0 2 0 0 0 0 1 0 0 0 0 1 0 0 0 0 0 3 0 0 0 0 4 0 0 1 0 0 0 0 0 0 0 0 0 0 2 0 0 0 1 0 0 0 0 0 0 0 2 2 1 1 0 0 2 0 0 0 1 0 0 0 0 0 0 0 0 0 2 0 0 1 0 0 1 0 0 1 0 0 0 0 0 0 0 0 0 0 0 0 0 0 2 2 0 1 0 0 1 0 0 0 0 0 1 1 1 0 0 0 0 0 0 1 1 0 1 0 3 0 2 2 0 0 0 0 0 1 0 0 0 0 0 0 0 0 1 2 2 1 3 1 0 2 2 0 2 1 1 0 1 0 0 0 0 0 0 1 0 0 3 0 0 0 1 0 0 0 0 0 0 0 0
ind_161 1 1 1 1 2 1 0 3 2 1 0 0 1 2 1 2 1 1 3 2 0 0 0 0 0 0 0 2 1 1 1 0 0 0 0 0 0 1 0 0 1 1 1 1 0 0 0 0 2 1 0 2 1 0 0 0 0 0 0 0 1 1 1 1 0 3 0 0 1 0 0 0 1 3 0 1 1 1 0 1 2 0 1 0 1 0 0 1 0 1 0 0 0 0 1 0 2 0 1 0 2 2 1 2 2 1 0 0 2 0 0 0 0 1 0 1 1 0 0 0 0 0 0 3 0 0 0 1 2 1 2 0 0 1 1 3 1 0 0 1 1 0 0 1 1 0 0 1 0 0 1 3 3 2 0 1 0 1 1 0 1 0 1 0 1 1 0 0 0 3 0 0 0 0 0 1 0 0 0 0 0 2 0 0 0 0 0 0 0 2 1 2 0 0 0 0 0 0 0 2
ind_161 0 0 0 0 0 0 1 0 0 0 0 1 2 1 0 0 0 0 2 0 0 2 0 1 1 0 0 0 0 0 3 0 0 0 0 0 0 0 0 0 0 0 0 0 1 0 0 0 0 2 1 0 0 0 1 1 0 0 0 2 0 0 0 0 0 0 0 0 0 2 0 0 0 0 0 0 1 0 0 0 0 1 0 1 0 3 0 0 0 0 0 0 1 0 0 0 0 2 0 2 0 0 0 0 0 0 0 1 0 1 1 0 0 0 1 0 0 0 1 0 0 0 2 0 0 1 2 1 0 0 0 3 1 0 0 0 0 0 0 0 0 2 0 0 0 4 0 0 1 0 0 0 0 0 0 0 0 1 0 0 0 0 0 0 1 0 1 1 0 0 3 0 1 1 1 0 0 0 0 0 0 0 0 0 0 0 1 1 0 0 0 0 1 0 2 1 0 0 0 0
ind_162 0 1 0 1 1 1 0 1 0 2 0 0 0 0 0 2 2 2 0 1 0 0 0 0 1 1 0 0 0 2 1 0 2 0 0 0 0 1 0 1 1 0 0 1 0 0 0 1 0 0 0 1 1 1 0 1 1 2 1 1 0 1 2 0 0 2 0 0 0 0 0 0 0 0 0 0 0 1 0 2 1 0 0 1 3 0 0 0 0 0 3 2 0 0 2 0 0 0 0 0 0 0 1 0 0 0 2 0 1 0 0 1 0 0 0 2 1 2 0 0 0 2 0 2 0 0 0 0 2 1 0 0 0 1 0 0 1 0 1 2 0 0 0 0 0 0 2 1 0 0 0 1 0 0 0 2 0 0 2 0 4 1 0 1 0 0 0 0 0 2 0 1 2 0 1 0 1 0 0 1 0 0 1 0 0 1 0 0 2 3 1 0 1 1 1 0 0 2 3 0
ind_162 0 1 0 0 0 0 1 0 0 0 1 1 4 1 0 0 1 0 0 0 2 0 0 0 0 0 0 0 0 0 0 0 0 0 3 0 0 0 1 0 0 0 0 0 2 0 0 0 0 0 1 0 0 0 0 0 0 0 1 1 0 0 0 0 1 0 0 1 0 0 0 1 0 0 0 0 0 0 0 0 0 1 0 0 0 0 0 0 0 0 0 0 1 0 0 0 0 0 0 0 0 2 0 0 1 0 0 1 0 0 1 0 0 0 0 0 0 0 0 0 0 0 3 0 0 0 1 0 0 0 0 1 0 1 0 0 0 0 0 0 1 0 1 1 0 2 0 1 0 1 0 0 0 0 4 0 0 1 0 0 0 0 0 1 1 0 0 0 0 0 0 0 2 0 1 0 0 0 0 1 0 1 0 0 1 0 0 0 0 0 0 2 0 0 0 0 0 0 1 0
ind_163 4 1 0 2 2 2 0 1 1 0 0 0 2 0 1 2 1 1 1 1 0 0 2 0 0 0 0 0 2 1 0 0 1 0 2 1 4 2 0 0 3 0 0 2 0 0 0 1 0 0 0 0 1 1 0 0 1 1 1 0 0 0 0 0 0 0 1 1 0 0 1 0 2 2 0 0 0 1 1 2 1 0 1 0 0 0 0 0 0 0 0 0 0 0 0 0 1 0 0 0 0 0 1 0 0 0 0 0 1 0 0 1 3 2 0 0 0 1 0 0 0 0 0 2 1 0 0 0 1 0 2 0 0 1 1 0 0 0 1 1 0 0 1 3 0 0 0 0 0 3 0 0 1 2 0 0 0 2 1 1 2 0 1 0 0 0 1 0 0 0 0 0 2 1 0 0 1 0 0 0 0 0 1 2 0 1 1 0 1 0 1 0 2 1 0 0 0 3 0 0
ind_163 0 0 0 0 0 0 1 0 0 0 1 0 0 0 0 0 0 0 0 0 2 1 0 0 0 0 0 0 0 0 1 0 0 0 0 0 0 0 1 0 0 0 1 0 0 1 1 0 0 2 1 0 0 0 0 1 0 0 0 0 0 0 0 0 2 0 0 0 0 2 0 1 0 0 0 1 0 1 0 0 0 2 0 0 0 2 0 0 0 0 1 0 1 1 0 0 0 2 0 0 0 0 0 0 1 0 0 3 0 0 1 0 0 0 0 0 0 0 0 1 1 0 0 0 0 0 0 0 0 0 0 0 2 0 0 0 0 0 0 0 0 2 0 0 0 1 0 1 0 0 0 0 0 0 3 0 0 0 0 0 0 0 0 1 2 2 0 2 1 0 0 1 0 1 1 1 0 0 0 1 0 1 0 0 1 0 0 2 0 0 0 2 0 0 0 1 0 0 1 0
ind_164 0 1 0 2 2 0 0 1 0 1 0 0 0 0 0 1 0 1 0 4 0 0 0 0 1 1 2 0 0 2 2 1 3 0 0 0 0 1 0 2 0 0 0 3 0 0 0 2 2 0 0 0 0 3 0 0 1 1 1 3 0 0 1 0 0 2 0 2 1 0 1 0 0 1 0 0 0 0 1 2 0 1 0 0 2 1 0 0 2 3 0 2 1 0 0 0 0 0 2 0 2 0 1 1 2 1 0 0 1 0 0 1 0 0 0 1 0 0 0 0 1 0 0 2 1 0 0 0 2 0 2 0 0 1 0 1 0 1 2 1 1 0 1 2 2 0 1 1 0 0 0 1 1 0 0 0 0 1 3 0 1 0 0 0 0 1 0 0 0 1 0 2 0 1 0 1 1 2 0 0 2 1 0 0 0 1 0 0 1 1 1 1 1 0 0 0 2 2 1 0
ind_164 0 1 0 0 0 0 0 1 0 0 0 0 2 0 0 0 1 0 0 0 0 0 1 0 0 0 0 0 0 0 0 0 0 0 0 0 0 0 1 0 1 0 0 0 1 2 3 0 0 0 1 0 0 0 2 0 1 0 2 2 0 0 0 0 0 0 1 0 0 1 0 2 0 0 0 1 1 1 1 0 0 1 0 2 0 0 1 0 0 0 0 0 0 0 0 1 0 0 0 0 0 1 0 0 1 0 0 0 0 0 2 0 0 0 1 0 0 0 0 2 1 2 0 0 0 0 2 0 0 0 0 2 0 0 1 0 0 0 0 0 1 1 0 0 0 2 0 0 4 0 0 0 0 0 2 0 0 0 0 0 0 0 0 2 0 0 1 1 1 0 1 0 1 1 1 2 0 0 0 0 0 0 0 0 0 0 0 0 0 0 0 1 0 0 0 0 0 0 0 0
ind_165 2 1 2 0 2 1 1 2 1 0 0 2 1 1 0 2 1 5 1 0 0 0 1 0 1 1 2 0 0 1 0 0 0 1 2 0 0 3 0 0 2 0 0 0 0 0 0 0 0 0 0 0 2 0 0 2 0 0 1 1 0 1 1 0 0 4 0 0 2 0 3 0 4 3 0 2 0 1 0 0 1 0 0 0 0 0 0 1 2 0 1 1 1 0 2 0 0 0 0 0 1 0 1 0 0 1 1 0 0 1 0 1 1 1 0 0 1 0 0 0 0 0 0 0 0 0 0 0 0 0 2 0 0 2 0 2 4 1 1 0 0 0 1 0 1 0 1 0 0 1 1 0 0 2 0 1 0 0 0 1 0 1 0 0 0 0 0 0 0 0 0 1 0 1 0 0 0 2 0 0 1 0 0 0 0 0 1 0 2 1 0 0 1 0 0 0 0 1 1 0
ind_165 0 0 0 0 0 1 0 2 0 1 0 0 2 0 0 0 0 0 0 0 2 0 0 3 1 0 0 0 0 0 0 0 0 1 0 0 0 0 0 0 0 2 0 0 3 0 0 0 2 5 1 0 0 0 3 0 0 1 0 1 0 0 0 1 2 0 0 0 2 0 0 0 0 0 0 0 0 0 0 0 0 0 3 0 0 1 0 0 0 2 0 0 0 0 0 0 0 0 1 0 0 0 0 0 0 0 0 2 0 1 1 0 0 1 1 0 0 1 1 0 0 0 2 0 0 0 0 0 0 0 0 0 3 0 0 0 0 0 1 0 0 1 0 0 0 1 0 2 1 0 0 0 0 0 2 0 0 1 0 0 0 0 0 0 0 0 1 0 0 0 0 1 0 0 1 0 1 1 0 0 0 0 0 0 2 0 0 0 0 0 0 0 0 0 2 1 0 0 0 0
ind_166 0 0 0 0 2 0 1 1 0 1 0 0 0 0 0 0 0 0 1 0 0 0 0 0 0 0 1 0 2 0 1 4 1 0 0 0 0 1 1 1 0 1 0 3 0 0 0 0 0 0 0 0 0 0 0 0 0 0 0 0 1 1 0 1 0 1 1 1 0 0 1 0 1 2 0 0 0 0 0 1 1 0 0 0 2 0 0 0 0 0 0 0 0 0 0 0 0 0 1 0 0 0 0 1 1 0 0 1 2 0 0 0 0 0 0 0 1 0 2 0 0 1 0 0 0 2 0 0 2 0 1 0 0 2 0 1 0 1 1 0 1 0 1 0 2 0 1 0 0 0 0 1 0 0 0 0 1 2 0 0 3 0 0 0 0 1 3 0 0 0 0 3 0 0 0 0 1 0 0 0 0 0 1 0 1 2 0 0 1 0 1 1 1 0 0 0 1 0 1 1
ind_166 0 0 0 0 0 0 0 1 0 0 0 0 1 2 0 0 2 0 0 0 0 0 0 2 1 0 0 1 0 0 0 0 0 3 2 1 1 0 0 1 0 1 0 0 2 1 2 0 0 1 2 0 0 0 1 0 0 1 0 0 0 0 0 1 1 0 0 0 0 0 0 2 0 0 0 0 1 2 0 0 0 4 0 4 0 0 1 0 0 0 0 0 0 4 0 1 0 1 0 1 0 0 0 0 1 0 0 1 0 1 0 0 1 0 0 0 0 2 0 1 2 0 2 0 0 1 0 1 0 0 0 0 1 2 2 0 0 0 0 0 0 2 0 1 0 1 0 0 1 1 0 0 0 0 0 1 0 0 0 0 0 1 0 0 0 2 0 0 2 0 0 0 0 1 3 0 0 0 0 0 0 0 0 1 0 0 0 2 0 0 1 0 1 0 0 1 0 0 2 0
ind_167 1 1 1 1 1 1 0 0 3 2 0 2 2 1 0 4 0 0 0 1 0 0 3 0 2 0 1 1 1 0 3 0 2 0 0 0 0 1 0 0 0 1 0 0 0 0 0 0 0 2 0 0 0 1 0 1 0 3 0 0 1 1 0 2 0 1 0 1 1 1 0 0 2 2 0 0 0 0 1 2 1 1 0 0 1 1 0 1 0 0 3 1 1 1 1 0 1 0 0 1 0 0 1 1 0 0 2 0 0 0 0 3 0 0 1 0 1 0 0 0 0 1 0 3 0 0 0 1 1 0 2 0 0 0 2 2 0 1 1 0 1 0 0 0 0 0 2 1 0 1 0 1 2 0 0 1 0 0 0 1 1 1 0 1 0 0 0 0 0 1 0 1 0 0 1 0 1 0 1 0 1 0 2 2 0 0 0 0 0 1 0 0 1 0 2 0 1 0 0 2
ind_167 0 0 0 0 0 0 2 0 0 0 0 0 0 1 0 0 0 0 1 0 3 1 0 3 0 0 0 0 0 0 0 1 0 1 3 0 2 0 0 0 0 0 0 0 0 0 0 0 0 0 0 0 0 0 1 0 0 0 0 0 0 0 0 0 0 0 0 0 0 0 0 0 0 0 1 1 0 0 1 0 0 0 1 1 0 0 0 0 1 0 0 0 0 0 0 0 0 3 1 2 0 2 0 0 0 0 0 1 0 0 0 0 0 0 0 0 2 0 0 1 1 0 0 0 0 1 1 0 0 0 0 1 1 0 1 0 0 0 0 0 0 3 0 1 0 2 0 0 1 2 0 0 0 0 0 0 0 0 2 0 0 1 0 0 0 0 2 3 1 0 1 1 0 1 0 1 0 0 0 0 0 1 0 0 1 0 0 0 0 0 0 1 0 0 0 0 0 0 1 0
ind_168 2 0 1 1 0 1 1 0 1 0 0 1 1 0 0 1 0 1 0 0 0 0 0 0 0 0 2 1 0 0 0 0 3 0 3 0 1 2 0 1 1 1 0 1 0 0 0 2 0 0 0 0 0 0 0 1 1 3 2 1 1 3 3 0 0 0 4 2 0 0 2 0 0 1 1 1 1 1 0 1 1 0 0 0 2 0 0 3 0 0 1 0 0 2 0 0 0 0 1 2 2 0 1 0 0 2 0 0 0 0 1 1 0 0 0 1 0 1 1 0 0 1 0 0 2 0 0 3 0 1 1 0 0 1 0 2 1 0 1 2 0 0 0 0 1 0 1 3 0 0 2 1 0 2 0 0 3 2 1 2 2 0 3 0 1 0 2 0 0 1 0 1 0 1 0 1 1 2 1 0 0 0 1 0 0 3 0 0 0 0 1 0 1 2 1 0 0 1 0 0
ind_168 0 0 0 0 0 0 0 1 0 0 4 3 1 0 1 0 1 0 0 0 0 0 0 1 1 0 0 0 0 0 0 0 0 0 0 0 0 0 0 0 0 0 0 0 2 1 1 0 0 1 1 0 0 0 2 0 0 1 2 1 0 0 0 0 1 0 0 0 0 1 0 0 0 0 0 0 0 0 0 0 0 1 0 1 0 0 0 0 0 0 0 0 0 0 0 0 1 2 0 0 0 2 0 0 0 0 0 1 0 1 0 0 0 0 2 1 0 0 0 1 0 0 2 0 0 1 0 0 0 0 0 1 0 0 0 0 0 0 0 0 0 0 0 1 0 1 0 0 1 2 0 0 0 0 0 0 0 0 2 0 0 0 0 0 1 0 0 0 4 0 2 0 0 1 1 0 0 0 1 0 0 0 0 1 0 0 0 1 0 0 0 0 0 0 0 1 0 0 0 0
ind_169 1 0 1 1 0 0 0 2 1 0 0 1 0 0 0 3 0 1 0 0 0 0 5 0 1 1 0 0 0 0 0 3 1 0 1 0 1 0 0 0 3 0 1 0 0 0 0 0 0 0 0 0 1 0 0 0 2 0 1 1 0 3 0 0 0 1 1 1 1 0 0 0 3 0 0 0 4 0 0 0 0 0 0 1 0 0 2 2 2 2 0 1 1 2 1 0 2 0 1 1 2 0 1 4 0 0 1 0 1 0 1 0 2 2 0 1 1 1 0 0 0 1 0 1 2 0 0 1 3 1 2 0 0 4 0 0 2 0 1 2 1 0 1 2 0 0 1 1 0 1 0 1 1 2 0 1 1 1 0 3 0 0 0 0 0 0 0 0 0 1 0 0 1 0 0 0 1 0 1 0 1 0 1 1 0 2 1 0 1 1 1 0 3 2 0 0 1 0 0 0
ind_169 0 0 1 0 0 0 1 0 0 0 1 0 0 0 0 0 2 0 0 0 3 2 3 2 0 0 0 1 0 0 1 0 0 1 0 1 0 0 0 0 0 0 0 0 1 1 1 0 0 0 0 0 0 0 0 2 0 0 0 0 0 0 0 1 0 0 0 3 2 4 0 0 0 0 0 0 0 0 0 0 0 1 1 0 0 0 0 0 0 0 2 0 0 0 0 1 1 1 0 0 0 0 0 0 0 0 0 2 0 0 0 0 0 0 2 0 0 0 1 0 0 0 3 0 0 1 0 0 0 0 0 0 1 0 0 0 0 0 0 0 0 1 1 0 0 0 0 1 4 1 0 0 0 0 2 0 0 1 0 0 0 0 0 0 0 0 1 0 0 0 0 0 1 0 0 2 0 0 0 0 0 1 0 0 2 0 0 0 0 0 0 1 0 0 0 0 0 0 0 0
ind_170 1 2 1 1 2 2 0 1 0 0 0 1 1 0 0 2 1 0 1 1 0 0 2 0 3 1 0 0 0 1 1 2 0 2 1 2 0 2 0 0 1 1 0 2 0 0 0 1 1 0 0 3 1 2 0 2 0 1 1 3 1 3 2 0 0 0 4 1 1 0 0 0 3 1 0 1 0 1 0 0 1 0 0 0 0 0 2 1 0 1 0 1 1 1 1 0 1 0 0 0 0 0 3 1 0 0 0 0 5 0 2 0 1 1 0 2 0 0 2 0 0 1 0 0 1 0 0 4 2 1 0 0 0 2 0 0 0 1 1 0 0 0 0 1 0 0 3 2 0 1 0 0 1 1 0 2 4 0 0 1 2 0 2 1 0 0 1 0 0 1 0 0 0 0 1 0 0 1 1 1 5 0 2 0 0 1 1 0 1 3 1 0 1 1 1 2 3 3 1 2
ind_170 0 0 0 0 0 0 0 0 0 0 2 1 2 0 0 0 0 0 0 0 0 1 1 3 0 0 0 0 0 0 0 1 0 1 1 0 0 0 0 0 0 0 1 0 0 0 0 0 1 1 1 0 0 0 1 0 0 0 0 0 0 0 0 5 0 0 0 0 1 0 0 0 0 0 0 1 0 0 1 0 0 0 2 0 0 1 0 0 0 0 0 0 0 0 1 0 1 1 0 1 0 2 0 0 2 0 0 0 0 0 0 0 1 0 3 0 1 0 0 0 1 0 1 0 0 1 1 0 0 0 0 1 0 0 1 0 0 0 0 0 1 2 0 0 0 1 0 0 0 0 0 0 0 0 3 0 0 0 0 0 0 1 0 2 1 2 0 1 1 0 1 0 1 0 2 0 2 0 1 0 0 0 0 0 1 0 0 1 0 0 0 0 0 0 1 0 0 0 0 0
ind_171 0 0 0 1 1 1 0 1 0 0 0 0 0 0 0 0 1 4 1 0 0 0 0 0 1 3 0 3 0 0 0 0 1 1 1 0 2 1 0 1 0 0 1 2 0 0 1 0 1 0 0 0 1 1 0 0 1 0 0 1 1 0 0 0 0 1 0 0 0 0 0 1 3 2 0 0 0 1 0 1 0 5 1 0 0 1 1 3 0 1 1 0 1 1 2 0 1 0 3 0 0 0 1 2 2 0 0 0 1 0 1 1 2 3 1 0 1 0 0 0 1 2 1 2 0 0 0 3 0 2 0 0 0 0 0 0 0 1 0 0 0 0 0 2 1 0 1 4 0 1 0 0 1 2 3 0 0 0 0 1 0 0 2 1 0 2 0 0 0 1 0 0 0 0 1 2 1 1 0 0 0 1 1 0 0 0 0 0 2 0 0 0 0 1 0 0 5 0 0 3
ind_171 0 1 1 0 0 0 0 0 0 0 0 0 0 2 2 0 1 0 0 0 0 1 3 1 0 0 2 0 1 0 0 0 0 0 0 0 0 0 2 0 0 0 0 0 1 1 1 0 0 1 0 0 1 0 0 0 0 0 2 0 1 0 0 0 2 0 2 0 0 0 0 0 0 0 2 0 0 0 2 0 0 0 0 1 0 1 0 0 0 0 0 0 1 0 0 1 1 1 0 0 0 0 0 0 0 0 0 2 0 1 0 0 0 0 0 0 0 0 1 2 2 0 1 0 0 1 0 0 0 0 0 0 0 0 3 1 0 0 0 0 0 0 0 0 0 2 0 0 0 2 0 0 1 0 0 1 0 0 1 1 0 0 0 0 0 0 0 3 0 1 1 0 0 0 0 0 0 0 2 0 0 1 1 0 1 0 3 2 0 0 1 1 0 0 0 1 0 0 0 0
ind_172 1 0 0 1 1 1 1 0 1 0 0 0 0 0 0 0 0 1 0 1 0 0 1 1 1 1 1 1 0 0 0 1 0 0 0 0 2 1 0 0 0 2 0 2 0 0 1 2 0 0 0 0 0 3 0 1 0 1 0 0 0 0 0 0 0 0 1 2 1 1 3 0 2 0 0 0 0 0 0 0 1 1 0 0 1 0 0 1 0 2 0 1 0 0 0 0 0 1 1 0 2 0 1 1 1 1 0 0 1 0 0 0 0 0 0 0 0 0 1 0 3 1 0 0 1 0 0 0 1 1 1 0 0 1 0 0 2 0 0 2 0 1 0 1 0 1 0 1 0 1 0 0 1 0 1 0 2 0 1 0 0 0 0 0 0 0 0 0 0 1 0 3 1 1 1 2 0 1 0 1 0 0 0 0 0 0 0 0 1 1 2 1 1 1 0 1 2 0 0 2
ind_172 0 1 2 0 0 0 0 2 2 0 2 2 2 0 0 0 3 0 0 0 3 0 0 1 1 0 0 0 0 3 0 1 0 1 2 0 0 0 2 0 0 1 0 0 1 1 2 0 0 2 1 0 2 0 2 0 2 0 1 0 0 0 0 0 1 0 0 0 0 0 0 2 0 0 0 0 0 0 1 0 0 0 0 1 0 0 0 0 1 0 0 0 2 1 0 0 1 1 0 1 0 0 0 0 0 0 0 0 0 1 0 0 0 1 0 1 0 1 0 2 0 0 1 0 0 0 1 0 0 0 0 0 1 1 2 1 0 0 1 0 0 0 0 0 0 0 0 0 1 1 2 0 0 0 0 0 0 0 0 0 0 3 0 0 0 0 2 1 0 0 0 0 0 1 0 0 0 0 0 0 0 2 0 0 0 0 0 0 0 0 0 0 0 0 0 1 0 1 0 0
ind_173 2 0 0 0 0 0 0 0 1 1 0 1 0 1 0 0 0 1 0 0 0 0 3 0 0 0 1 2 0 0 1 1 1 0 0 2 0 1 0 1 0 0 0 0 0 0 0 2 2 1 0 1 0 0 0 1 0 1 0 2 1 1 2 0 0 0 4 2 0 0 0 0 3 0 0 1 1 2 0 2 0 1 1 0 1 0 0 0 0 0 0 1 1 0 0 0 0 0 1 0 0 0 0 0 0 0 0 0 0 0 2 2 0 2 0 0 0 0 0 0 0 0 1 1 1 0 0 0 0 2 2 0 0 0 0 1 2 0 0 0 1 1 3 1 1 1 2 0 0 0 0 0 0 1 2 0 0 1 3 0 0 0 0 0 0 3 0 0 0 1 0 0 1 2 0 0 0 0 1 1 1 2 2 1 1 0 0 0 2 0 0 2 2 0 0 2 1 0 1 1
ind_173 0 2 2 0 0 2 0 1 0 1 0 0 3 0 0 0 1 0 0 0 2 1 0 1 1 0 0 0 0 1 1 0 0 1 2 2 0 0 1 0 0 2 2 0 0 1 0 0 0 2 1 0 0 0 0 0 1 0 0 0 0 0 0 2 0 0 0 0 0 0 0 1 0 0 1 0 0 0 0 0 0 0 0 1 0 0 2 0 2 0 0 0 1 0 0 1 0 0 0 0 0 0 0 0 0 0 0 0 0 2 0 0 0 1 1 0 0 1 0 1 0 1 0 0 0 2 4 0 0 0 0 0 1 0 1 0 0 0 0 0 0 0 0 0 0 4 0 0 1 0 0 1 1 0 0 0 0 0 0 1 1 1 0 0 1 0 0 3 2 1 0 0 0 0 0 0 2 0 0 0 0 1 0 0 2 0 1 3 0 0 0 1 0 0 1 1 0 1 0 0
ind_174 0 0 0 0 0 0 1 1 1 0 0 0 0 0 0 0 0 3 0 0 0 0 1 1 0 0 1 0 1 0 0 1 0 1 0 2 1 4 0 0 0 1 0 0 0 0 0 0 3 0 0 1 0 0 0 1 2 0 0 2 2 1 0 0 0 0 0 1 0 1 3 0 4 3 0 1 2 0 0 0 1 1 2 0 0 1 0 2 0 1 3 0 1 0 1 0 1 0 0 0 2 0 1 0 1 1 0 0 1 0 1 0 0 1 0 1 0 0 0 0 0 0 0 1 2 0 3 0 0 2 1 0 0 0 0 1 2 2 2 1 3 0 1 1 0 4 0 2 2 0 0 1 2 1 2 1 0 0 3 1 0 0 1 0 0 0 2 0 0 2 1 0 0 0 0 0 0 0 0 0 0 0 2 2 2 0 0 0 2 1 2 1 0 0 0 1 0 0 0 5
ind_174 0 0 0 1 0 0 0 1 0 0 2 2 0 1 1 0 1 0 0 0 1 0 0 0 2 0 0 0 0 0 0 0 0 0 0 0 0 0 0 1 0 0 1 0 2 0 2 0 0 1 0 0 1 0 1 0 0 0 0 0 0 0 0 1 0 0 0 0 0 0 0 2 0 0 2 0 0 0 2 0 0 0 0 1 0 0 0 0 0 0 0 0 0 1 0 1 0 1 0 2 0 0 0 0 0 0 0 2 0 1 0 0 0 0 0 0 0 0 0 1 0 2 3 0 0 2 0 0 0 0 0 0 0 0 1 0 0 0 0 0 0 0 0 1 0 0 0 0 2 0 0 1 1 0 0 0 0 1 0 0 3 2 0 0 1 0 0 2 2 0 0 0 1 0 1 0 1 0 0 1 0 1 0 0 0 0 0 1 0 0 0 0 0 0 1 0 0 0 0 0
ind_175 1 1 0 1 0 0 0 0 1 0 0 0 0 0 2 1 0 1 1 0 0 0 4 0 0 1 1 1 0 0 1 0 0 0 0 1 1 0 0 1 0 1 0 0 0 0 0 0 1 0 0 2 0 0 0 1 0 1 0 0 1 1 0 0 0 0 2 0 1 1 0 0 1 1 0 2 0 1 0 1 0 0 0 0 0 1 0 0 0 0 0 3 1 1 0 0 0 0 2 0 2 0 0 0 0 1 1 0 3 0 0 1 0 0 1 0 3 0 1 0 0 0 0 1 3 0 1 1 0 1 1 0 0 0 0 0 2 2 1 1 1 0 2 1 1 0 3 1 1 0 0 2 0 1 2 1 0 0 3 0 0 0 0 0 0 1 1 0 1 1 2 0 1 1 0 1 0 1 1 1 1 1 0 1 1 1 0 0 3 1 0 0 0 1 0 2 2 0 1 0
ind_175 0 0 1 1 0 0 0 1 1 0 0 1 2 1 0 0 5 0 0 0 0 0 0 1 0 0 1 0 0 0 0 0 0 3 0 0 0 0 2 1 0 0 0 0 0 2 3 0 0 0 0 0 0 0 1 0 1 0 3 0 1 0 0 1 0 0 0 0 0 0 0 2 0 0 0 0 0 0 1 0 0 0 0 0 0 0 1 0 1 0 0 0 0 1 0 1 0 0 0 0 0 0 0 0 0 0 0 2 0 0 0 0 0 0 0 0 0 1 0 4 0 0 0 0 0 0 0 0 0 0 0 2 1 1 1 0 0 0 2 0 0 0 0 0 1 0 0 0 0 0 3 0 0 0 0 0 0 0 0 1 3 0 0 1 2 0 0 1 0 0 1 0 1 0 3 0 0 0 1 0 0 0 2 0 0 0 0 0 0 0 1 0 0 0 0 0 0 1 0 0
ind_176 2 0 1 0 0 1 0 1 1 2 0 0 0 0 1 0 0 1 0 1 0 0 0 0 0 4 0 1 1 1 1 1 2 0 0 0 0 0 0 0 2 1 1 0 0 0 0 1 1 0 0 0 1 1 0 0 0 3 0 1 1 3 0 0 0 1 2 1 2 1 0 0 1 0 0 0 0 0 0 0 0 2 1 0 2 2 0 2 0 1 0 1 0 0 1 0 1 1 0 0 0 0 0 3 0 1 2 0 1 0 1 2 2 1 0 1 0 0 1 0 0 0 0 2 0 0 1 2 1 0 0 0 0 0 0 1 0 1 0 1 1 2 1 0 0 1 0 0 0 2 0 0 0 1 0 1 1 1 0 0 0 3 0 0 0 2 2 0 0 1 0 0 0 1 0 0 0 1 1 1 2 1 1 2 0 2 0 0 3 3 2 0 1 1 2 3 1 0 1 0
ind_176 0 2 0 1 0 0 0 0 2 0 2 2 0 0 1 0 0 0 0 0 0 2 1 1 0 0 0 0 1 0 0 0 0 0 1 0 0 0 2 0 0 0 0 0 0 1 2 0 0 1 0 0 1 0 2 0 0 0 1 0 0 0 2 2 2 0 0 0 0 0 0 1 0 0 4 0 0 0 0 0 0 0 0 1 0 0 1 0 0 0 0 0 1 0 0 1 2 1 0 1 0 2 0 0 0 0 0 2 0 0 1 0 0 1 1 0 0 0 0 3 2 1 0 0 0 1 2 0 0 0 0 1 0 0 1 0 0 0 0 0 0 2 0 1 2 0 0 0 0 0 1 0 0 0 0 0 0 1 0 1 0 0 0 0 1 0 0 0 1 0 0 0 0 0 0 0 0 0 0 1 0 0 0 0 0 0 1 1 0 0 0 1 1 0 0 0 0 0 0 0
ind_177 0 1 0 0 2 0 1 0 1 0 0 0 0 0 0 1 0 0 1 1 0 0 0 0 0 2 0 1 0 0 0 0 1 1 0 0 0 1 0 2 0 0 1 3 0 0 1 1 1 0 0 0 0 0 0 1 0 0 0 1 2 2 2 0 0 2 0 1 0 1 0 0 2 1 1 0 2 1 0 0 0 0 0 0 3 0 2 0 1 0 1 0 1 1 3 0 0 0 1 0 0 1 0 4 1 1 0 0 3 0 0 1 1 2 0 2 2 0 0 0 0 0 0 1 2 0 0 1 1 1 0 0 1 0 0 0 0 1 0 0 0 0 0 0 0 0 1 1 0 0 1 0 3 0 0 0 0 1 0 0 0 0 0 0 1 0 0 0 0 2 0 2 0 0 1 0 1 0 0 1 1 1 1 0 0 0 0 0 0 0 0 0 1 0 0 0 0 0 1 1
ind_177 0 1 0 1 0 1 0 0 0 2 0 1 1 0 0 0 1 0 0 0 1 1 0 0 0 0 0 0 0 0 0 0 0 2 2 0 3 0 1 0 0 0 0 0 1 1 0 0 0 0 0 0 1 0 1 0 1 0 0 0 0 0 0 0 0 0 2 0 0 0 0 0 0 1 0 0 0 0 0 0 0 0 0 2 0 1 0 0 3 0 1 0 1 0 0 2 0 2 1 0 0 2 0 0 1 0 0 1 0 0 0 0 0 0 1 0 0 0 2 2 2 2 1 0 0 0 0 0 0 0 0 0 2 0 1 0 0 0 2 0 0 0 0 0 0 0 0 0 1 3 0 0 1 0 0 0 0 0 1 2 1 0 0 0 0 0 1 0 0 0 1 0 2 0 0 0 0 0 4 0 0 0 0 0 0 0 1 0 0 0 0 3 0 0 1 1 0 0 0 0
ind_178 1 0 0 2 1 0 6 0 1 0 0 1 0 0 0 5 0 1 1 2 0 0 1 1 0 1 1 1 0 0 0 0 1 0 0 0 0 0 0 3 0 1 0 0 1 0 3 3 1 1 0 0 0 1 0 2 1 0 0 0 0 1 5 0 0 2 0 0 2 1 2 0 0 0 2 0 0 0 0 1 0 1 0 2 2 0 0 1 1 0 0 0 0 0 1 0 1 0 1 0 0 2 0 3 0 1 0 0 1 0 2 0 1 1 2 1 0 2 0 0 0 1 1 2 0 0 0 1 2 0 1 0 0 0 0 0 2 2 0 0 0 1 2 2 1 0 1 1 0 0 0 0 0 1 0 0 0 0 0 2 0 0 3 0 0 2 0 2 0 1 0 0 0 0 0 1 0 0 0 1 0 2 0 1 1 1 0 0 0 4 0 0 1 0 0 3 1 0 0 2
ind_178 0 0 1 0 0 0 0 0 0 1 0 3 0 1 0 0 1 0 0 0 1 4 1 0 0 0 0 0 2 2 1 0 0 0 0 1 1 0 1 0 0 1 0 0 0 1 0 0 0 0 2 0 0 0 2 0 1 0 1 0 0 0 0 0 1 0 1 0 0 2 0 0 0 0 0 0 0 0 0 0 0 0 0 0 0 0 0 0 0 0 0 0 1 0 0 1 1 0 0 1 0 0 0 0 3 0 0 2 0 0 0 0 0 0 1 1 1 0 1 1 0 0 0 0 0 0 1 0 0 0 0 0 0 1 1 0 0 0 2 0 0 0 0 3 0 2 0 0 2 2 0 0 0 0 0 1 0 0 1 0 2 1 0 0 1 0 0 0 1 0 3 0 0 0 0 1 1 0 0 1 0 0 0 0 0 0 1 0 0 0 0 4 0 0 0 1 1 0 0 0
ind_179 1 0 0 0 0 1 0 0 1 2 0 0 0 1 0 1 0 1 1 0 0 0 0 2 0 2 1 2 1 1 1 0 0 0 0 0 1 3 0 1 1 0 0 1 0 0 2 0 3 0 0 0 0 0 0 1 1 0 0 1 0 2 1 0 0 2 4 2 1 0 2 0 0 1 0 3 3 2 0 2 1 1 0 0 1 2 0 2 0 0 1 0 2 2 1 0 1 0 3 0 1 0 1 1 0 0 0 0 0 0 0 2 3 3 0 1 0 0 2 0 1 3 0 4 1 0 0 0 3 2 0 0 0 0 0 0 2 1 1 0 0 0 0 0 2 0 4 1 0 0 0 0 3 3 1 0 0 0 0 0 0 0 0 0 0 1 0 0 0 0 0 0 0 0 0 1 0 2 0 1 1 1 0 0 0 1 0 0 0 0 0 0 2 1 0 0 0 0 0 0
ind_179 0 1 1 0 0 0 0 1 2 0 2 4 0 0 2 0 1 0 0 0 0 0 0 0 0 0 0 0 1 0 0 0 0 1 3 0 0 0 1 0 0 1 0 0 2 0 0 0 0 1 3 0 1 0 0 0 0 0 1 0 0 0 0 0 0 0 0 0 0 0 0 2 0 0 3 0 0 0 1 0 0 0 0 5 0 0 0 0 0 0 0 0 0 2 0 1 1 1 0 0 0 0 0 0 0 0 0 1 0 0 0 0 0 0 0 0 0 0 0 1 0 1 0 0 0 1 0 0 0 0 0 3 1 0 3 1 0 0 1 0 0 0 0 0 0 1 0 0 2 0 0 0 0 0 0 0 0 0 0 3 0 0 0 1 2 0 0 0 1 1 1 0 1 1 0 0 0 0 1 0 0 0 0 0 0 1 2 0 0 0 1 2 0 0 1 1 0 0 0 0
ind_180 1 0 1 2 2 0 0 1 0 0 0 0 0 1 0 1 0 2 1 2 0 0 0 1 2 2 0 1 1 1 2 0 0 0 0 1 2 1 0 1 1 2 0 1 0 0 0 0 1 0 0 2 0 2 0 0 0 1 0 1 1 2 0 0 0 1 1 1 0 2 0 0 2 0 0 3 1 1 0 0 0 1 2 0 1 1 0 1 0 1 2 1 0 0 1 0 0 0 1 0 1 0 2 1 0 0 1 0 1 0 0 1 1 1 1 2 0 0 1 0 1 0 0 2 1 0 0 1 1 0 2 0 0 0 0 1 2 2 0 1 1 2 6 0 2 0 1 1 0 1 0 0 0 3 0 0 0 1 0 0 1 0 2 0 0 3 0 0 0 0 0 2 0 1 1 0 0 2 2 0 0 0 0 1 1 0 0 0 0 1 0 0 0 2 0 0 2 0 0 2
ind_180 0 1 2 1 0 0 2 0 1 0 1 1 1 1 0 0 1 0 0 0 2 2 0 2 1 0 2 0 2 0 0 1 0 1 1 0 0 0 1 0 0 0 0 0 2 0 0 0 0 1 1 0 1 0 1 0 1 0 2 0 0 0 1 0 1 0 0 0 0 0 0 0 0 0 0 0 0 0 2 0 0 0 0 0 0 0 0 0 1 0 0 0 2 0 0 2 0 0 0 0 0 1 0 0 0 0 0 1 0 3 0 0 0 0 0 0 1 1 0 0 0 0 1 0 0 0 1 0 0 0 0 2 2 1 1 1 0 0 0 0 0 0 0 0 0 0 0 0 2 1 1 0 0 0 0 3 0 0 0 0 1 1 0 0 0 0 2 2 3 0 0 0 0 0 0 0 2 0 1 0 0 2 1 0 0 2 0 1 0 0 0 0 0 0 1 0 0 0 0 0
ind_181 0 0 0 1 0 1 0 0 2 2 0 0 0 0 0 0 0 1 0 1 0 0 0 0 2 2 0 1 0 0 0 2 1 0 0 1 0 3 0 1 1 0 0 3 0 0 0 1 2 0 0 2 1 0 0 1 2 0 1 1 0 3 0 0 0 1 1 0 3 1 1 2 0 2 0 1 1 0 0 1 1 1 2 0 0 0 0 1 1 1 2 1 0 1 0 0 1 0 2 0 2 1 1 4 0 1 0 0 0 0 0 0 0 2 0 1 1 0 0 0 0 0 0 0 2 0 0 0 2 1 0 1 0 0 0 0 1 0 0 1 0 0 0 1 0 0 1 0 0 3 1 3 1 0 0 0 0 0 0 1 1 0 2 0 0 1 0 0 0 0 0 0 0 1 0 0 0 2 0 0 0 0 1 0 0 0 0 0 0 0 0 0 1 1 1 0 1 1 0 2
ind_181 0 0 0 0 0 0 1 1 1 0 2 0 0 0 0 0 2 0 0 0 0 0 0 0 0 0 1 0 2 1 0 0 0 0 0 0 0 0 3 1 0 0 0 0 0 1 1 0 0 1 1 0 2 0 0 0 0 0 1 0 1 0 0 1 3 0 0 0 0 0 0 0 0 0 0 1 0 0 0 0 1 0 1 1 0 1 1 0 1 0 0 0 0 0 0 0 3 1 0 0 0 0 0 0 0 0 0 1 0 0 0 0 0 0 0 0 1 0 0 0 1 0 1 0 0 0 1 0 0 0 0 0 0 1 1 1 0 0 2 0 0 0 0 1 0 1 0 0 0 0 2 0 2 0 0 0 0 1 0 2 1 1 0 1 0 0 2 1 1 1 0 0 0 0 0 0 0 0 1 0 0 0 0 0 0 0 2 1 0 0 3 1 0 0 1 3 0 0 0 0
ind_182 0 1 0 1 2 0 0 0 0 0 0 0 0 2 0 1 0 2 4 2 0 0 0 1 1 0 2 2 0 0 0 0 0 0 0 1 0 2 0 2 0 0 0 1 0 0 0 0 0 2 0 0 0 0 0 0 1 0 1 1 1 2 3 1 0 1 0 2 1 0 0 0 3 0 1 0 0 0 0 2 0 1 0 3 1 0 3 0 2 0 0 1 0 1 2 0 0 0 0 0 0 1 1 1 2 1 1 0 0 0 1 2 1 2 1 0 1 0 0 0 0 2 0 1 0 0 0 1 1 0 0 0 2 0 0 0 0 3 0 0 1 0 0 2 2 0 3 0 0 0 1 2 0 1 2 0 0 0 0 0 1 0 0 0 0 1 0 0 0 1 2 1 0 1 1 0 0 2 0 0 0 1 1 0 0 0 0 0 2 1 0 0 0 0 0 0 0 0 0 2
ind_182 0 0 0 1 0 1 0 0 0 2 1 0 0 1 1 0 1 0 0 0 0 1 0 1 1 0 1 0 0 1 0 0 0 1 0 0 0 0 0 0 1 0 0 0 1 2 1 0 0 2 1 0 1 0 1 0 0 0 0 0 0 0 0 0 2 0 0 0 0 1 0 1 0 2 0 1 0 0 1 0 1 0 0 0 0 1 0 0 0 0 1 0 0 0 0 1 0 0 1 0 0 1 0 0 1 0 0 0 0 2 0 0 0 0 0 0 1 1 2 3 0 0 1 0 0 0 0 0 0 0 0 0 1 2 0 1 0 0 0 0 0 0 0 0 0 1 0 0 1 1 0 0 0 0 0 0 0 0 1 0 0 1 0 1 0 0 2 2 1 0 1 0 0 0 0 0 0 0 0 0 0 0 0 0 0 1 1 1 0 0 1 2 0 0 0 0 0 0 0 0
ind_183 1 0 0 0 0 0 0 0 1 1 0 0 0 0 3 1 0 0 1 2 0 0 0 1 0 0 1 2 4 3 0 1 2 0 0 1 3 2 0 0 1 1 0 3 0 0 0 2 1 0 0 1 1 1 0 2 0 4 0 1 0 0 0 0 0 0 0 1 1 1 0 0 4 2 0 1 1 3 0 1 1 0 1 0 0 0 0 0 0 2 0 1 0 0 2 0 2 0 1 0 3 1 0 1 0 0 0 0 2 0 2 0 0 1 0 0 0 0 1 0 0 0 0 0 0 0 0 2 1 4 0 0 0 1 0 0 0 1 0 2 0 1 1 0 0 1 1 1 0 0 0 1 0 0 0 0 1 1 0 0 1 0 0 0 1 0 1 0 0 0 1 0 0 0 1 1 0 2 1 0 2 0 0 0 0 1 0 0 3 1 0 1 0 1 0 2 0 0 3 0
ind_183 0 0 0 0 0 0 0 0 0 0 3 0 1 0 0 0 1 0 0 0 1 0 0 0 1 0 1 0 0 0 0 2 0 0 0 0 0 0 0 0 0 0 2 0 1 0 0 0 0 0 1 0 0 0 0 0 0 0 2 0 0 0 1 0 0 0 0 0 0 0 0 2 0 0 0 0 0 0 1 0 0 0 0 0 0 0 1 0 1 0 0 0 0 1 0 0 0 0 0 0 0 0 0 0 0 0 0 2 0 3 0 0 0 1 1 0 0 2 0 1 0 3 0 0 0 3 3 0 0 0 0 0 1 0 2 0 0 0 1 0 0 0 0 0 0 2 0 0 4 0 1 0 0 0 0 0 0 0 0 0 0 0 0 0 0 0 0 0 2 1 1 0 0 0 0 0 1 0 1 0 0 1 1 0 1 1 2 4 0 0 1 1 0 0 3 2 0 3 0 0
ind_184 0 0 0 0 0 0 1 0 2 0 0 0 0 0 0 1 0 2 0 3 0 0 0 0 1 0 1 1 0 0 0 1 1 1 1 0 0 1 0 0 1 0 1 2 0 0 2 2 0 0 0 1 0 1 0 1 0 2 1 3 1 2 2 0 0 0 0 0 0 1 1 1 2 0 0 0 2 2 0 1 1 1 0 2 1 0 0 4 2 0 0 0 0 1 1 0 0 0 0 0 0 2 2 2 1 1 1 0 0 1 0 1 1 0 0 0 0 0 0 0 0 0 0 0 0 0 0 0 2 1 0 0 0 0 0 1 0 0 0 1 0 0 3 1 1 0 1 1 0 0 0 2 0 3 2 0 1 2 0 0 0 0 0 0 0 1 0 0 0 0 2 0 1 1 1 0 0 1 0 2 2 0 2 0 0 2 0 0 2 2 0 0 1 0 0 0 1 0 0 0
ind_184 0 1 4 0 0 0 0 0 0 0 0 0 0 1 0 0 1 0 0 0 2 0 0 3 1 0 1 0 0 1 1 0 0 0 0 1 3 0 0 0 1 0 0 0 1 1 0 0 0 0 2 1 1 0 0 0 1 0 0 0 0 0 0 0 1 0 1 0 0 0 0 1 0 0 0 1 0 0 0 0 1 0 0 0 0 1 0 0 0 0 2 0 0 0 0 2 3 0 2 0 0 0 0 0 1 0 0 0 0 0 0 0 0 0 1 0 0 0 1 1 2 1 1 0 0 0 0 0 0 0 0 1 0 2 0 1 0 0 0 0 0 1 0 0 0 2 0 0 0 0 0 0 1 0 0 2 0 0 1 0 0 2 0 0 1 0 0 0 1 1 0 0 0 0 2 1 0 0 1 0 0 1 1 0 2 1 3 0 0 0 0 1 0 0 2 0 0 0 0 0
ind_185 2 0 0 4 0 0 0 0 0 0 0 0 0 0 0 2 1 0 1 1 0 0 0 1 1 2 1 0 0 0 0 0 2 0 1 2 0 3 0 2 0 1 0 0 0 0 2 3 1 1 0 0 0 2 0 2 0 0 1 1 0 0 2 0 0 1 0 1 0 2 1 0 1 0 0 0 1 1 0 2 2 2 1 1 1 0 1 0 0 1 1 3 0 2 0 0 0 0 0 0 0 0 0 0 0 2 0 0 1 0 1 0 1 2 0 2 0 1 0 0 0 0 0 1 2 0 1 1 1 0 2 0 0 0 0 1 0 1 0 2 1 0 1 0 0 0 0 3 0 0 0 0 0 0 2 0 1 0 0 0 0 2 1 1 0 4 1 0 0 0 0 2 0 0 0 0 0 3 0 1 3 0 1 0 1 0 1 0 0 2 0 0 1 0 1 0 0 0 1 2
ind_185 0 3 0 0 0 1 0 1 0 2 0 0 2 3 0 0 0 0 0 0 0 2 0 0 1 0 0 0 2 2 3 0 0 0 0 2 1 0 1 0 0 1 0 0 1 0 0 0 0 1 2 0 3 0 2 0 2 0 1 0 0 0 0 0 4 0 0 0 0 1 0 2 0 1 1 1 0 0 1 0 0 0 2 0 0 1 0 0 0 1 0 0 1 0 0 1 0 1 0 2 1 1 0 0 0 0 0 1 0 0 1 0 0 0 0 0 2 0 0 2 1 0 1 0 0 0 1 0 0 0 0 0 0 1 0 2 0 0 0 0 0 0 0 1 0 0 0 0 0 0 1 0 1 0 0 1 0 2 3 0 1 0 0 1 0 0 0 1 1 0 0 0 0 0 1 0 1 0 1 0 0 0 0 0 0 0 0 2 0 0 0 2 0 0 0 0 0 0 0 0
ind_186 2 1 0 2 1 0 1 0 0 1 0 0 0 1 1 1 0 1 1 2 0 0 2 0 2 0 0 0 1 0 0 0 1 0 0 0 2 1 0 0 0 1 0 0 0 0 0 0 0 0 0 0 0 2 0 0 0 2 0 0 1 0 1 0 0 1 1 0 1 3 2 0 2 2 0 0 2 2 0 2 0 1 4 0 0 2 0 0 0 0 0 1 0 0 3 0 0 0 0 0 1 0 0 1 0 1 0 0 1 0 0 0 0 1 0 0 2 0 0 0 0 2 0 0 2 0 2 0 1 3 0 0 1 0 0 0 0 0 0 1 0 0 0 0 3 1 3 2 2 1 0 0 1 0 0 2 1 0 1 1 0 0 3 0 0 1 0 1 0 0 0 0 1 0 0 1 1 0 0 1 2 1 0 1 1 3 0 0 3 3 1 0 1 0 1 0 0 0 1 1
ind_186 0 0 2 0 0 0 0 2 0 1 2 1 2 0 1 0 1 0 0 0 3 1 0 0 0 0 0 0 0 0 3 1 0 1 1 1 1 0 2 0 0 1 0 0 4 0 2 0 0 0 0 0 0 0 1 0 1 0 2 0 0 0 1 0 1 0 0 0 0 0 0 0 0 0 0 0 0 0 2 0 0 0 0 1 0 0 1 0 2 0 1 0 0 1 0 2 1 0 0 0 0 1 0 0 1 0 0 0 0 1 0 0 0 0 0 0 0 0 0 0 0 0 4 0 0 3 0 0 0 0 0 0 0 3 0 0 0 0 0 0 0 1 0 2 0 1 0 0 0 0 3 0 1 0 0 0 0 0 0 0 0 1 0 1 0 0 0 1 2 0 2 0 3 0 0 0 1 0 2 2 0 0 0 0 0 0 1 0 0 0 0 2 0 0 0 1 0 0 0 0
ind_187 0 2 0 0 0 0 0 0 0 1 0 0 0 0 0 0 0 0 0 2 0 0 0 2 0 0 3 0 0 0 0 1 2 0 0 0 0 2 0 0 2 0 0 0 0 0 1 0 1 0 0 0 0 0 0 2 0 1 0 1 1 1 1 1 0 6 1 0 2 0 2 0 0 1 0 0 1 0 0 2 1 1 0 0 2 0 0 1 0 1 0 1 0 0 0 0 1 0 1 0 1 0 2 0 0 1 2 0 3 0 0 1 0 0 0 0 0 0 1 0 0 0 0 1 1 0 0 1 0 1 2 0 0 0 0 0 0 0 0 0 2 1 0 2 3 0 1 1 0 1 0 1 0 1 1 0 2 0 0 0 0 0 0 0 0 0 0 0 0 1 1 1 0 0 0 1 1 2 0 0 1 0 1 2 0 0 0 0 0 4 1 0 0 3 0 0 0 1 2 0
ind_187 0 0 0 2 0 0 0 2 0 0 1 0 2 1 0 0 1 0 0 0 0 2 0 1 0 0 0 0 0 1 1 0 0 1 3 1 0 0 2 0 2 1 0 0 1 0 0 0 0 0 2 0 0 0 2 0 1 0 1 0 0 0 2 0 1 0 0 0 0 0 0 3 0 0 1 0 0 0 2 0 0 0 0 0 0 0 2 0 0 0 0 0 0 0 0 1 1 0 0 0 0 0 0 0 1 0 0 2 0 0 0 0 0 0 0 1 0 1 0 0 0 0 1 0 0 1 2 0 0 0 0 0 0 0 2 1 0 0 0 0 0 0 0 0 0 1 0 0 1 0 0 0 0 0 0 0 0 0 0 2 1 0 0 1 0 0 0 0 0 2 1 0 0 0 1 0 1 0 0 0 0 0 0 0 0 0 0 2 0 0 0 0 1 0 1 2 0 0 0 0
ind_188 2 2 0 1 2 0 1 1 1 1 0 1 0 0 0 0 2 2 2 1 1 0 0 2 1 0 0 1 3 0 0 0 1 0 0 0 0 3 0 2 0 1 1 3 2 0 2 3 1 0 0 0 0 3 0 1 0 2 0 1 0 1 1 0 0 2 0 0 2 0 2 0 1 0 0 0 0 0 0 1 2 2 0 1 0 0 2 1 0 0 1 3 0 2 2 0 0 0 1 0 0 0 2 1 0 1 1 0 1 0 1 0 0 0 0 0 0 0 0 0 0 1 0 3 0 0 0 2 1 1 0 0 1 0 0 0 0 1 0 1 0 0 1 0 1 1 0 0 0 2 0 0 0 2 1 0 1 0 0 2 0 0 5 0 0 1 1 3 2 1 0 0 1 0 0 2 0 1 0 1 1 0 0 1 0 1 1 0 1 0 1 0 1 4 1 0 0 2 1 1
ind_188 0 1 1 0 0 0 0 1 0 0 3 0 1 0 1 0 0 0 0 0 0 1 0 2 0 0 0 0 0 1 1 0 0 0 1 0 1 0 1 0 2 0 0 0 0 0 0 0 0 0 1 1 2 0 2 0 0 0 0 0 0 0 0 0 2 0 1 0 0 1 0 0 0 1 0 2 0 0 1 0 0 0 0 0 0 5 0 0 1 0 0 0 0 0 0 1 0 0 0 0 0 2 0 0 0 0 0 1 0 0 0 0 0 0 1 0 0 0 0 0 2 0 0 0 0 3 1 0 0 0 0 2 1 0 1 1 0 0 1 0 0 0 0 0 0 0 0 0 0 0 1 0 1 0 0 0 0 1 0 0 1 0 0 0 1 0 1 0 0 0 1 0 0 0 2 0 1 0 0 1 0 1 0 0 1 0 0 3 0 0 0 1 0 0 0 0 0 0 0 0
ind_189 1 0 1 0 2 1 0 0 1 1 0 0 0 0 0 1 1 0 1 1 0 0 1 0 0 0 0 0 1 0 0 2 2 0 0 0 0 1 0 1 1 0 1 3 1 0 0 0 1 0 0 0 0 1 0 0 1 0 0 1 1 2 1 1 0 0 0 0 1 2 3 1 1 0 0 0 0 2 0 1 1 1 0 0 3 0 0 0 0 3 2 1 0 1 1 0 0 0 0 0 1 0 1 0 1 3 1 0 1 0 1 1 0 0 0 1 1 0 1 0 0 0 0 2 1 0 1 2 2 2 1 1 1 0 0 0 2 0 0 0 1 1 0 0 0 1 0 1 0 1 0 1 0 0 0 0 1 0 1 2 0 0 1 1 0 1 1 0 1 0 0 2 0 0 0 1 0 3 0 0 0 2 1 0 1 0 1 0 1 2 0 0 1 0 1 0 0 1 0 0
ind_189 0 1 0 0 0 0 0 0 0 0 2 0 2 0 2 0 1 0 0 0 0 1 1 2 1 0 0 0 1 3 3 0 0 0 0 1 2 0 0 0 0 0 0 0 1 1 0 0 0 1 0 2 0 0 1 0 0 0 2 0 0 0 0 0 1 0 3 0 0 2 0 0 0 0 0 1 0 0 1 0 0 0 1 1 0 1 0 0 0 0 1 0 0 0 0 4 1 0 0 0 0 1 0 0 0 0 0 0 0 0 0 0 0 0 1 0 0 1 0 2 1 0 2 0 0 0 0 0 0 0 0 0 0 1 0 0 0 0 0 0 0 0 0 0 0 1 0 0 0 0 0 0 1 0 0 0 0 2 0 0 1 0 0 0 2 0 2 0 0 0 1 0 2 0 2 1 0 0 0 1 0 0 0 0 0 0 1 0 0 0 0 0 0 0 0 1 0 0 0 0
ind_190 2 0 1 2 2 1 0 2 2 1 0 0 0 0 0 0 0 2 1 1 0 0 0 0 0 2 0 0 0 0 0 1 1 0 2 1 0 0 0 0 0 1 1 2 1 0 1 2 2 0 0 0 0 0 0 0 3 0 0 1 0 4 2 0 0 3 1 2 0 0 2 0 0 0 0 0 2 4 0 2 0 0 1 0 0 2 0 0 1 1 2 3 0 2 2 0 2 0 1 0 0 1 0 0 2 1 1 0 0 0 1 1 1 0 1 1 0 0 3 0 0 0 0 2 0 0 0 1 1 2 2 1 0 0 0 1 3 3 0 1 1 0 0 1 1 0 1 3 0 2 0 2 0 1 2 0 0 2 2 0 1 0 1 1 1 3 0 0 0 0 1 1 0 2 1 0 1 1 0 0 0 0 0 0 1 0 0 0 1 1 1 0 1 3 1 0 0 2 0 0
ind_190 0 0 0 0 0 0 0 0 0 0 1 0 3 1 0 0 0 0 0 0 0 2 2 0 0 0 1 0 3 1 0 0 0 0 0 0 2 0 2 2 0 0 0 0 0 5 0 0 0 0 1 3 0 0 0 0 0 0 3 0 1 0 0 1 1 0 0 0 0 0 0 3 0 1 1 1 0 0 1 0 0 0 0 0 0 0 0 0 0 0 0 0 0 0 0 1 0 0 0 2 0 0 0 0 0 0 0 0 0 0 0 0 0 0 0 2 0 0 1 1 0 0 1 0 0 0 0 0 0 0 0 0 0 1 1 0 0 0 1 0 0 1 0 2 0 2 0 0 0 0 1 0 1 0 0 1 0 0 0 1 2 3 0 1 0 0 1 1 1 0 1 0 3 0 0 0 0 0 0 0 0 1 1 0 0 3 0 3 0 0 2 1 0 0 0 0 0 0 0 0
ind_191 1 0 0 0 1 0 0 2 1 0 0 0 1 1 0 1 1 1 0 2 0 0 0 2 0 0 0 0 0 1 0 2 0 1 0 0 0 1 1 3 0 0 0 2 1 0 0 1 2 1 0 3 0 1 0 0 0 0 0 0 1 0 1 1 1 0 0 1 2 0 1 0 1 0 0 0 1 0 0 2 1 0 0 0 0 1 0 3 0 1 0 1 1 0 3 0 0 0 0 0 1 1 2 2 1 3 0 0 1 0 1 1 1 0 0 0 1 0 1 0 0 1 0 0 0 0 0 0 0 1 2 0 0 0 0 1 0 1 1 0 1 0 0 0 0 0 2 0 1 0 2 0 0 0 0 1 0 0 0 0 0 1 1 0 0 0 0 0 0 1 1 1 2 1 0 0 1 2 1 1 0 1 0 3 0 3 0 0 0 3 0 0 4 0 1 0 0 2 0 0
ind_191 0 1 1 0 0 0 0 0 0 0 0 3 1 0 2 0 0 0 0 0 0 0 0 0 0 0 0 0 0 0 0 0 0 0 0 0 1 0 0 0 0 0 0 0 1 0 0 0 0 1 1 0 0 0 3 0 0 0 0 1 0 0 0 0 0 0 1 0 0 1 0 0 0 0 1 1 0 0 1 0 0 0 2 0 0 0 0 0 1 0 0 0 0 2 0 0 0 0 0 0 0 0 0 0 0 0 0 4 0 1 1 0 0 3 3 1 0 1 1 1 0 0 0 0 1 0 1 1 2 0 0 0 1 0 1 0 0 0 0 0 1 1 0 0 0 0 0 0 0 0 0 0 0 0 0 3 0 0 0 0 1 2 0 1 2 0 0 0 0 1 0 0 0 0 0 0 2 0 0 0 0 0 0 0 1 0 0 1 0 0 1 0 0 0 0 1 0 0 0 0
ind_192 1 0 0 1 2 1 0 1 1 1 0 0 3 0 0 1 0 1 0 2 0 2 0 0 0 2 1 1 0 0 1 0 1 0 1 0 1 1 1 1 0 3 1 2 1 0 0 1 1 0 0 0 0 1 0 0 0 1 0 1 0 1 0 1 0 0 0 0 0 0 0 0 1 1 0 1 2 0 0 0 1 1 0 0 0 0 0 0 1 0 1 0 0 1 1 0 2 0 1 1 3 1 1 1 0 0 1 0 1 1 0 0 1 0 0 0 1 0 1 1 0 1 0 2 0 0 0 0 1 1 1 1 0 1 0 0 2 0 0 0 0 0 1 0 0 1 0 0 0 0 1 0 0 2 1 2 0 1 2 1 0 0 0 0 0 0 0 1 0 0 2 0 0 0 0 0 0 0 0 1 1 1 2 2 0 1 0 0 1 0 0 0 1 0 1 0 2 1 0 0
ind_192 0 2 3 0 0 0 0 0 0 0 1 2 1 1 1 0 0 0 0 0 1 0 1 0 1 0 0 0 0 0 0 0 0 1 1 0 0 1 0 0 2 0 0 0 0 1 1 0 0 0 4 0 2 0 2 0 0 0 0 0 1 0 0 0 0 1 1 0 0 0 2 0 0 2 0 0 0 0 2 0 0 1 0 0 0 0 0 2 0 1 0 0 4 0 0 0 0 1 0 0 0 0 0 1 0 0 0 0 0 1 1 0 0 0 0 1 0 1 0 0 0 0 2 0 1 0 2 1 0 0 0 0 0 0 2 3 0 0 0 0 0 0 0 0 0 0 0 0 0 0 0 0 1 0 0 2 0 0 0 0 0 1 0 0 1 0 2 0 0 2 2 0 0 0 1 1 1 0 1 0 0 1 2 0 1 0 0 0 0 0 1 1 0 0 0 1 0 0 0 0
ind_193 3 0 2 1 2 4 0 1 0 1 0 0 1 1 0 2 1 2 1 0 0 1 0 1 0 1 0 1 1 0 1 0 0 0 0 2 0 0 0 0 0 0 1 1 0 0 0 1 1 1 0 0 0 0 0 0 1 1 0 0 1 0 1 1 1 3 2 1 1 0 1 0 1 1 0 0 0 0 0 0 1 1 1 0 0 0 3 3 0 0 1 1 1 0 1 0 2 0 1 0 2 0 2 0 3 2 1 1 0 0 0 2 0 1 0 0 0 0 2 0 1 2 0 0 1 0 1 3 0 0 1 0 0 0 0 0 1 2 0 0 1 0 4 0 0 0 0 0 2 1 1 0 1 0 1 3 1 0 4 2 0 2 0 0 0 3 3 0 0 2 0 0 0 0 0 0 0 1 2 1 1 0 1 0 0 0 0 0 0 0 1 0 4 2 1 0 1 0 1 0
ind_193 0 0 0 0 0 0 1 0 0 0 0 1 0 0 0 0 0 0 0 0 0 1 0 1 0 0 0 1 0 0 0 0 0 0 1 0 1 0 0 0 0 0 0 0 1 4 1 0 0 0 1 0 1 0 2 1 0 0 0 0 0 0 0 0 0 0 0 0 0 1 0 0 0 0 0 3 0 0 0 0 1 1 0 1 0 1 0 0 0 0 0 0 0 2 0 0 2 2 1 1 0 0 0 0 0 0 0 1 0 1 0 0 0 2 0 0 1 1 0 0 0 0 1 0 0 1 0 0 0 0 0 0 4 1 2 0 0 0 0 0 0 1 0 0 2 0 0 0 0 0 0 0 0 0 0 0 2 0 0 0 2 0 0 0 1 0 1 0 0 0 1 0 0 0 1 2 0 0 1 0 0 1 0 0 1 0 0 0 0 0 0 0 0 0 1 0 0 0 0 0
ind_194 0 0 3 2 0 1 0 1 1 1 0 1 0 1 0 0 1 1 2 0 0 0 0 1 0 0 0 0 0 0 0 0 0 2 0 0 0 0 0 0 0 1 2 1 0 0 0 0 0 0 0 2 0 1 0 0 3 1 0 0 0 1 0 0 0 0 0 1 1 0 1 0 1 0 0 0 1 0 0 2 1 0 0 0 0 0 1 0 0 0 1 0 1 1 0 0 0 0 0 0 1 0 0 0 0 0 2 0 1 0 1 1 0 0 2 0 0 0 0 1 0 1 0 1 1 0 2 1 1 1 1 0 0 0 0 1 2 1 0 1 2 0 4 0 2 0 0 0 1 1 1 4 1 1 0 1 3 0 1 0 0 0 2 0 1 0 0 1 1 0 0 1 0 2 0 0 4 0 0 1 1 1 1 0 0 1 0 0 0 1 0 0 1 0 1 0 0 0 1 0
ind_194 0 0 0 0 0 1 0 0 0 0 1 0 1 0 0 0 0 0 0 0 0 1 0 0 1 0 2 0 1 1 0 0 0 0 0 0 2 0 0 0 0 0 0 0 2 0 1 0 3 0 2 0 0 0 0 0 0 0 1 0 0 0 0 0 0 0 0 0 0 1 0 0 0 0 0 1 1 1 0 0 2 0 0 0 0 1 0 0 0 0 0 0 0 0 0 2 0 0 0 0 0 0 0 1 0 1 0 1 0 2 1 0 0 0 0 1 2 1 0 1 1 0 0 1 0 0 0 0 0 0 0 1 2 2 1 0 0 0 0 1 0 0 0 0 0 0 0 0 1 0 2 0 0 0 0 0 0 1 0 0 2 0 0 1 0 0 1 0 0 0 2 0 0 0 0 1 0 0 2 0 0 0 0 0 1 0 2 0 0 0 1 0 0 0 0 2 0 0 0 0
ind_195 0 0 0 2 1 2 0 1 0 0 0 1 0 0 1 0 2 2 0 0 0 0 0 1 0 2 1 1 0 0 0 1 1 0 1 2 0 0 0 0 3 0 0 1 0 0 0 0 0 0 0 1 0 0 0 1 0 0 1 2 0 0 4 0 0 1 0 2 2 0 0 2 1 0 0 0 0 0 0 0 1 0 1 1 1 0 2 0 0 1 0 1 2 2 1 0 0 0 0 0 1 0 1 1 1 2 1 0 1 0 1 1 1 0 0 1 3 0 0 0 1 2 0 1 0 3 0 0 1 0 0 0 0 1 0 2 1 0 1 1 0 0 0 0 0 1 2 0 0 1 0 0 1 0 0 1 0 0 1 0 0 1 1 0 0 0 1 0 1 0 0 1 0 1 0 0 0 1 1 3 3 0 0 2 0 4 0 0 2 0 1 0 1 3 0 0 2 1 0 2
ind_195 0 0 0 0 0 0 1 0 0 0 1 0 1 0 0 0 0 0 0 0 3 2 0 0 2 1 0 0 2 0 0 0 0 0 0 0 2 0 1 0 0 0 1 0 0 1 2 2 1 0 0 0 1 0 1 1 0 0 0 0 0 0 0 1 0 0 0 0 0 0 1 1 0 1 3 1 1 0 0 0 1 2 0 0 1 0 0 0 0 0 0 0 0 0 0 2 0 3 0 1 0 0 0 0 2 0 0 2 0 0 1 0 0 0 0 1 0 1 0 2 2 0 1 0 0 0 4 0 0 0 0 0 0 0 2 0 0 0 1 1 0 3 0 1 1 0 0 1 1 0 0 2 1 0 0 1 0 2 0 0 0 1 0 0 0 0 1 0 0 0 0 0 0 0 0 3 0 0 0 0 0 0 1 0 2 0 2 1 0 0 0 0 0 0 0 0 0 0 0 0
ind_196 1 1 1 1 0 3 0 3 1 4 0 1 0 1 1 1 3 2 0 0 0 0 0 1 0 1 0 0 0 0 0 1 2 1 1 1 0 0 0 0 3 2 1 1 0 0 0 0 0 0 0 2 0 0 0 0 1 4 1 1 0 1 1 2 0 0 2 1 1 1 1 1 1 1 0 0 0 0 0 2 1 1 1 1 0 0 0 0 2 1 0 0 1 1 0 0 1 0 1 0 1 0 0 0 0 0 1 1 0 0 2 2 0 0 1 0 0 0 1 1 1 0 0 1 0 0 0 1 0 1 3 0 0 0 0 1 1 0 0 0 0 0 1 0 0 1 1 2 2 0 0 0 0 2 0 1 0 0 2 0 0 0 0 0 0 2 1 1 0 0 0 1 2 0 1 0 1 1 0 0 0 0 0 1 0 0 0 0 3 1 1 1 1 2 0 1 0 1 0 3
ind_196 0 0 0 0 0 1 2 0 0 0 1 0 0 0 0 0 0 0 0 0 3 1 0 0 3 0 1 0 3 0 2 0 0 0 0 0 1 1 0 0 0 0 2 0 1 0 0 0 0 1 0 0 0 0 2 1 0 0 1 0 0 0 0 1 2 1 0 0 0 1 0 1 0 1 0 1 1 1 0 0 1 1 1 0 1 0 0 0 0 0 0 0 0 0 0 0 0 0 0 0 0 2 0 1 0 0 0 0 0 0 0 0 0 1 0 0 1 2 0 1 0 0 1 2 0 2 0 0 0 0 0 1 0 0 1 0 0 0 1 1 0 1 0 0 1 0 0 0 0 0 1 1 2 0 0 0 1 1 0 0 0 0 0 2 1 0 0 0 0 0 0 0 0 1 0 1 1 0 0 0 0 0 0 0 1 0 2 2 0 0 0 0 0 1 2 1 0 0 0 0
ind_197 1 0 0 3 0 0 0 2 2 3 0 0 2 0 0 0 2 3 1 1 0 2 0 3 0 0 0 1 1 0 0 3 2 0 0 0 1 0 1 0 0 1 2 0 1 0 0 1 0 1 0 0 0 2 0 1 1 1 0 0 0 2 1 1 0 0 0 0 0 0 0 0 0 1 0 0 2 0 1 1 0 2 0 0 0 0 0 1 0 0 0 1 1 0 2 0 0 0 0 1 4 1 1 0 1 0 1 0 0 0 0 2 1 0 0 0 3 0 2 0 2 1 0 0 0 1 0 0 0 0 1 0 0 0 0 0 1 0 2 2 1 0 2 0 0 4 1 1 0 0 0 0 0 0 1 1 1 0 2 1 0 0 0 0 0 1 0 1 0 1 1 2 0 0 0 0 0 0 1 1 0 0 0 0 0 0 0 0 1 0 0 0 1 1 2 0 2 2 0 0
ind_197 0 0 0 0 0 0 1 0 0 0 1 0 0 0 0 0 1 0 0 0 0 0 0 0 1 0 0 1 0 0 0 0 0 1 0 0 0 0 0 0 0 0 0 0 0 5 0 0 0 0 2 0 2 0 1 2 2 0 2 1 0 0 0 0 1 0 0 0 0 1 0 2 0 0 2 1 1 0 0 0 0 0 0 1 0 2 0 0 0 0 0 0 0 2 0 0 0 1 0 0 0 1 0 0 0 0 0 0 0 3 1 0 0 0 1 0 0 1 2 0 0 0 0 0 1 0 0 0 0 0 0 0 0 0 2 0 0 0 0 0 1 0 0 1 2 0 0 0 0 0 1 1 0 0 0 0 1 0 0 0 0 0 0 1 2 0 0 0 0 1 0 0 0 0 3 1 0 0 0 0 0 0 0 0 2 0 2 0 0 0 0 0 0 0 0 1 0 0 0 0
ind_198 0 1 1 2 2 0 1 0 1 1 0 1 0 1 0 0 0 0 1 0 1 1 0 1 0 0 2 2 0 2 0 1 1 1 0 0 1 0 1 3 1 3 0 3 2 0 0 2 0 0 0 0 0 2 0 1 0 0 0 0 0 1 2 1 1 1 0 1 0 0 0 0 0 1 0 0 0 0 1 3 1 2 1 0 3 0 0 1 1 1 0 1 1 0 2 0 3 0 1 1 1 1 0 3 0 1 1 0 1 0 0 3 1 0 0 1 1 0 0 0 0 0 0 2 0 2 0 0 1 4 0 1 0 0 0 1 0 0 0 0 0 0 1 1 1 0 2 1 0 1 1 1 1 1 4 0 0 1 0 0 2 0 1 0 0 2 0 0 0 2 0 1 0 0 0 0 1 0 0 1 1 2 1 0 0 1 0 0 3 1 0 0 2 2 1 0 0 1 2 0
ind_198 0 0 1 0 0 0 1 0 0 0 0 0 0 0 0 0 0 0 0 0 0 0 2 0 0 0 0 0 3 1 1 0 0 1 0 0 1 0 0 0 0 0 0 0 2 1 0 0 0 0 1 0 2 0 0 0 0 0 0 3 0 0 0 0 0 0 1 0 0 2 0 0 0 0 1 1 0 1 1 0 0 0 0 1 0 0 0 0 1 0 0 0 0 0 0 2 0 0 0 1 0 1 0 0 0 0 0 0 0 0 1 0 0 2 0 1 0 2 0 2 1 1 0 0 1 0 2 3 0 0 0 1 1 0 1 0 0 0 0 0 0 0 0 1 1 1 0 1 1 0 0 0 0 0 0 1 0 0 0 0 0 0 0 2 0 0 2 0 0 0 0 0 1 2 0 0 0 0 3 0 0 2 0 0 1 0 0 0 0 0 1 0 0 0 0 1 0 0 0 0
ind_199 3 2 1 0 3 1 0 1 0 0 0 0 0 0 0 0 0 1 0 0 0 0 0 0 0 1 0 1 0 1 1 0 1 1 1 0 0 0 0 1 1 2 0 1 0 0 0 0 0 0 0 2 0 0 0 1 1 2 0 3 1 5 1 0 0 0 0 3 2 2 0 0 3 0 0 0 0 0 0 1 0 0 0 0 0 0 0 0 0 1 1 1 0 1 0 0 1 0 0 2 0 2 0 1 0 0 0 0 0 1 0 0 0 2 0 0 0 0 0 1 0 1 0 0 3 1 0 1 1 0 1 0 0 0 0 0 0 0 0 1 1 0 2 0 0 2 2 1 0 1 0 0 2 1 0 0 1 1 3 1 1 0 0 0 0 1 0 1 0 1 2 1 1 0 0 0 0 0 0 2 0 0 0 0 0 0 0 0 1 3 0 0 0 1 1 0 0 0 1 2
ind_199 0 0 0 0 0 0 1 0 0 0 1 0 0 3 0 0 2 0 0 0 0 3 0 1 0 0 1 0 1 0 2 0 0 0 0 0 2 0 2 2 0 0 1 0 3 1 2 1 0 3 1 0 1 0 1 0 0 0 0 0 0 0 0 1 1 1 1 0 0 0 0 0 0 0 0 0 0 1 0 0 0 1 1 1 1 2 0 0 0 0 0 0 0 1 0 0 0 3 0 0 1 0 0 1 0 3 0 0 1 2 0 0 0 1 1 0 0 1 0 1 1 0 1 1 0 0 1 0 0 0 0 1 4 0 0 0 0 0 2 1 0 1 0 2 1 0 0 1 0 0 0 0 0 0 0 0 0 0 0 2 0 1 0 0 0 0 1 1 0 0 1 0 0 0 1 1 0 0 1 0 0 0 0 0 1 0 3 3 0 0 0 2 0 0 0 1 0 0 0 0
ind_200 0 0 0 2 0 0 0 0 2 0 0 0 0 1 2 0 0 1 0 0 0 0 0 0 0 1 2 1 0 1 0 0 0 0 1 1 0 0 0 2 0 2 1 1 0 0 0 1 0 0 0 1 1 3 0 0 2 0 1 1 0 1 1 1 0 2 2 0 1 0 1 0 3 0 0 0 0 0 1 1 0 0 2 0 0 2 0 1 2 1 2 0 1 0 2 0 0 0 0 0 0 0 0 2 0 1 1 1 0 0 0 1 0 0 1 0 1 0 0 0 0 1 0 0 0 0 0 0 0 0 0 0 0 0 0 1 1 2 1 0 0 0 1 0 0 2 0 1 1 1 0 0 0 1 1 0 0 0 2 0 0 1 0 0 0 1 1 1 2 0 0 2 0 0 0 0 1 1 3 1 0 2 0 1 2 1 0 0 1 1 0 0 0 1 2 1 1 1 2 0
ind_200 0 0 0 0 0 1 0 0 0 0 1 0 1 0 2 0 1 0 0 0 1 2 1 0 0 0 0 1 0 1 0 0 0 0 1 0 1 0 2 0 0 0 0 0 1 0 1 0 1 1 1 0 1 0 0 1 0 0 0 0 0 0 0 0 3 0 0 0 0 0 0 0 0 0 1 1 1 1 1 0 1 0 2 0 0 0 0 0 0 0 0 0 0 0 0 0 0 1 1 0 0 0 0 0 2 0 0 1 1 1 0 0 0 0 0 3 0 3 0 0 1 0 1 0 0 1 1 0 1 0 0 0 0 0 2 1 0 0 0 0 2 2 0 1 3 0 0 0 0 0 2 0 0 0 0 0 1 0 0 0 1 0 0 0 2 0 0 0 0 0 0 0 0 0 0 1 0 0 0 0 0 0 0 0 0 0 0 3 0 0 1 0 0 0 2 0 0 0 0 0
ind_201 1 0 2 1 0 1 0 2 1 2 0 0 0 1 0 1 0 1 0 1 0 0 0 0 0 0 0 2 1 1 2 1 0 1 0 0 0 0 0 1 0 0 0 0 0 0 0 1 0 0 0 0 0 1 0 0 0 1 0 0 2 2 3 2 0 1 0 0 2 0 1 0 0 1 0 0 0 0 0 1 0 1 0 0 0 0 0 1 0 0 0 1 0 0 0 0 0 0 0 0 0 1 0 0 0 1 0 0 1 0 1 1 0 0 0 0 2 0 0 0 0 0 0 0 0 2 0 0 0 0 1 0 0 0 0 1 1 0 0 2 0 0 0 0 0 0 0 2 1 3 0 1 0 0 0 0 0 0 0 1 0 1 1 0 0 1 1 1 1 3 0 1 0 1 0 0 0 0 0 0 1 0 0 0 0 1 0 0 0 1 0 0 1 0 1 0 1 2 2 1
ind_201 0 1 0 0 0 0 1 0 0 0 1 0 1 1 1 0 1 0 0 0 1 0 1 1 1 0 0 0 0 0 0 0 0 0 2 0 0 1 0 0 1 0 0 0 0 0 1 0 0 0 1 0 1 0 0 0 0 0 1 2 0 0 0 0 0 0 0 0 0 0 0 1 0 0 1 1 0 0 0 0 0 0 0 1 0 1 0 0 1 0 0 0 0 0 0 1 2 3 0 0 0 0 0 0 0 0 0 1 1 0 0 0 0 2 0 2 0 1 0 2 0 0 0 0 1 0 1 0 2 0 0 1 0 0 1 1 0 0 0 2 0 2 0 2 4 0 0 0 0 0 1 0 0 0 0 0 1 1 0 0 0 0 0 1 0 0 0 0 0 1 2 0 0 1 1 2 0 0 0 0 0 0 0 0 0 0 1 1 0 0 0 2 0 0 1 0 0 1 0 1
ind_202 1 0 2 1 0 2 0 1 0 1 0 0 0 0 0 0 0 3 0 1 2 3 0 0 0 0 1 0 2 0 1 1 3 0 1 2 0 1 3 1 0 2 0 1 1 0 0 3 1 0 0 0 0 2 0 0 3 2 0 0 0 1 0 1 0 0 1 0 1 0 1 0 0 1 0 0 0 0 0 0 0 1 1 2 0 0 0 0 1 1 0 0 1 0 0 0 3 0 0 1 0 0 1 4 1 2 0 1 0 0 1 0 1 0 1 0 0 0 0 0 1 1 0 1 2 1 0 0 1 2 2 1 1 3 0 0 1 2 0 0 0 0 5 1 0 0 2 0 0 1 1 0 1 1 0 1 0 1 2 0 0 0 1 0 1 0 0 0 0 0 1 1 0 2 0 0 3 1 0 1 0 0 0 0 0 1 0 0 2 0 1 1 1 0 0 0 0 0 0 0
ind_202 0 0 0 0 0 0 2 0 0 0 0 0 0 1 2 0 0 0 0 0 0 0 1 1 0 0 0 0 0 0 0 0 0 0 1 0 0 1 0 0 1 0 0 0 1 1 0 0 1 1 3 0 0 0 0 3 0 0 0 0 0 0 0 0 1 0 0 0 0 1 0 1 0 0 0 0 0 0 0 0 0 0 1 1 0 0 0 0 0 3 0 0 0 0 0 2 0 2 0 1 0 1 0 0 1 0 0 0 0 2 0 0 0 0 1 1 1 3 0 1 1 0 0 0 1 2 1 2 1 0 0 2 1 1 0 0 0 0 0 0 0 1 0 1 0 0 0 2 1 0 0 0 0 0 0 1 0 0 0 0 0 0 0 1 0 0 1 0 2 0 1 0 0 0 0 0 0 0 0 0 0 0 0 0 0 0 1 2 0 0 0 0 0 1 0 2 0 1 1 0
ind_203 2 0 0 0 0 0 0 3 0 2 0 2 0 1 0 2 1 1 2 0 0 0 0 1 0 0 1 3 0 0 0 2 1 0 0 1 1 0 0 1 5 1 0 1 0 0 0 0 1 0 0 1 0 1 0 0 0 2 0 0 0 1 1 0 0 0 1 0 2 1 0 0 1 2 0 1 0 0 0 3 1 1 0 1 1 0 1 0 0 0 3 0 0 0 0 0 0 0 2 2 0 0 0 0 1 0 0 0 0 0 0 0 1 1 0 1 0 0 1 0 1 0 1 0 1 2 0 1 0 0 0 0 0 0 0 0 1 2 0 0 2 0 1 1 0 0 0 0 0 1 1 1 1 1 3 1 2 0 0 0 0 2 0 0 0 2 0 0 0 1 0 0 1 1 0 0 1 2 0 2 2 1 0 0 0 2 0 0 0 1 0 0 1 0 1 0 0 0 0 1
ind_203 0 0 0 0 0 0 1 0 0 0 2 0 0 0 0 0 0 0 0 1 0 0 0 0 1 0 0 0 4 0 0 0 0 0 0 0 0 0 0 2 0 0 0 0 0 0 2 1 0 2 1 0 0 0 1 2 2 0 1 0 0 0 0 1 0 2 1 0 0 0 1 1 0 1 0 1 0 1 1 0 0 0 2 0 0 4 0 0 1 0 0 0 1 0 0 0 0 3 0 0 1 0 0 1 0 2 0 0 0 0 1 0 0 1 0 0 0 0 0 1 0 0 0 0 0 1 0 1 0 0 0 0 0 0 0 0 0 0 1 0 0 0 0 1 0 1 0 0 0 0 0 0 0 0 0 1 0 0 0 0 0 3 0 0 1 0 1 1 1 0 0 0 1 0 3 1 0 0 0 0 0 1 0 0 0 0 1 2 0 0 1 1 0 0 0 0 0 1 0 0
ind_204 1 0 1 0 1 0 1 2 0 3 0 1 0 0 2 0 2 1 0 0 0 0 0 1 0 0 0 1 2 2 0 0 0 0 1 1 0 2 1 2 0 1 1 1 0 0 0 2 2 0 0 0 2 1 0 0 2 1 1 1 1 2 0 0 0 0 1 2 1 0 1 0 3 1 0 0 0 0 1 0 1 1 1 0 1 0 3 2 0 1 2 0 1 1 1 0 1 0 1 0 1 0 0 1 0 1 3 0 0 0 1 0 1 2 2 0 0 0 3 1 0 0 0 1 1 0 1 4 0 2 1 0 0 0 0 2 0 1 0 0 1 0 0 0 2 1 1 0 0 3 3 1 0 0 1 2 0 0 0 2 0 2 1 0 1 0 0 0 0 1 0 0 0 0 1 0 0 1 0 1 1 0 1 1 0 2 0 0 1 1 0 0 1 1 0 0 2 2 2 1
ind_204 0 1 0 0 0 0 0 0 0 0 1 0 0 0 0 0 0 0 0 0 0 5 1 2 1 0 0 0 2 0 0 0 0 1 2 0 0 0 1 0 5 0 0 0 1 2 1 0 0 0 1 0 0 0 1 2 0 0 1 0 0 0 0 0 0 0 1 0 0 0 0 1 0 0 1 1 2 0 0 0 2 0 1 0 0 0 0 0 0 1 0 0 0 0 0 1 0 0 1 0 0 2 0 0 0 0 0 0 2 1 0 0 0 0 0 1 0 0 0 1 1 0 1 1 0 2 0 0 0 0 0 1 1 1 2 0 0 0 2 0 0 0 0 0 2 0 0 0 0 0 0 0 1 0 0 0 0 1 0 0 1 0 0 1 0 0 1 0 0 0 0 0 0 1 0 0 0 0 1 0 0 1 0 0 0 0 1 2 0 0 1 0 0 0 0 0 0 0 0 0
ind_205 1 1 1 0 1 0 1 2 2 1 0 0 0 1 1 0 1 0 1 1 0 0 0 2 0 1 1 2 0 0 0 1 1 1 1 1 0 0 0 0 0 1 1 1 0 0 0 0 1 0 0 2 0 0 0 0 0 1 1 1 1 2 1 1 0 1 2 0 0 1 0 0 0 3 0 0 0 0 1 1 0 2 1 0 1 0 1 0 2 2 0 3 1 0 1 0 1 0 0 0 0 0 2 0 0 0 1 0 0 0 4 2 1 0 0 0 0 0 0 0 0 0 0 2 0 0 1 0 0 0 2 0 0 0 0 1 0 1 0 0 0 0 2 1 0 3 0 0 0 0 0 1 1 1 4 1 1 0 0 1 0 0 1 0 1 0 0 0 1 1 0 1 0 0 1 0 2 2 1 2 0 1 1 2 1 1 0 0 0 2 0 1 3 0 0 0 0 1 0 1
ind_205 0 0 0 0 0 1 3 0 0 0 1 0 2 0 0 0 0 0 0 1 2 2 0 2 0 0 0 0 0 1 1 0 0 0 0 0 0 0 0 3 0 0 1 0 1 0 1 0 1 0 0 0 2 0 0 1 0 0 1 0 0 0 0 1 1 0 0 0 0 1 0 0 0 0 3 0 2 1 0 0 1 1 2 1 0 0 0 0 0 0 0 0 0 2 0 2 0 0 0 0 0 2 0 0 0 0 0 2 1 1 0 0 0 0 1 0 1 0 0 0 0 0 3 0 1 1 0 0 0 0 0 1 0 1 3 0 0 0 2 1 0 1 0 2 3 0 0 0 1 0 0 0 0 0 0 0 0 0 0 0 2 0 0 0 1 0 2 1 0 0 0 0 2 0 0 2 0 0 1 0 0 0 0 0 0 0 2 2 0 0 0 1 0 0 1 2 0 1 0 0
ind_206 1 0 3 1 1 1 0 2 2 2 0 0 0 0 0 1 0 2 1 1 0 0 0 1 0 1 1 0 0 1 0 1 2 1 1 1 1 0 0 0 0 3 1 2 0 0 0 0 1 2 0 0 0 1 0 0 0 0 0 0 1 0 0 0 0 1 0 3 2 0 0 0 2 0 0 0 0 3 0 1 1 0 1 0 1 2 0 2 2 2 0 2 1 0 2 0 1 0 1 0 0 0 1 0 2 0 1 0 0 0 1 1 1 0 0 0 0 0 0 0 0 0 0 1 0 1 0 0 0 1 0 2 0 1 0 0 1 0 0 2 1 0 0 0 0 2 0 1 1 2 1 0 0 3 0 0 0 0 3 0 0 1 2 0 0 1 1 0 0 0 1 0 1 1 0 0 0 0 1 1 0 0 0 0 0 2 0 0 3 0 1 0 2 0 1 0 3 1 0 3
ind_206 0 2 0 0 0 0 0 0 0 0 0 0 1 2 0 0 1 0 0 0 3 1 1 1 1 0 0 0 0 0 2 0 0 1 0 0 0 0 0 0 0 0 0 0 0 0 3 0 0 0 0 0 1 0 2 0 0 0 0 1 0 0 0 0 1 1 1 0 0 0 0 1 0 0 2 0 1 0 1 0 0 0 1 3 0 0 0 0 0 0 0 0 0 1 0 1 1 0 1 0 0 0 0 0 0 0 0 0 0 0 0 0 0 0 2 0 0 1 2 1 1 0 2 0 0 0 4 2 0 0 0 0 1 1 3 1 0 0 0 0 0 0 0 1 0 0 0 0 0 0 0 0 0 0 0 2 1 0 0 0 0 0 0 2 0 0 0 0 1 1 0 0 0 1 1 1 0 0 1 0 0 0 0 0 4 0 2 2 0 0 0 1 0 0 0 0 0 0 1 0
ind_207 1 0 0 0 3 2 0 1 0 0 0 0 0 0 0 0 1 3 2 2 0 3 0 0 0 1 1 0 1 1 0 0 0 0 0 1 0 0 1 1 0 0 0 1 0 0 0 0 0 1 0 1 0 1 0 2 0 2 0 2 1 1 1 0 0 1 0 2 4 0 0 0 0 0 0 0 0 0 0 0 1 1 3 0 3 1 0 1 0 0 0 0 0 0 0 0 1 0 0 0 1 0 0 1 3 0 1 0 1 0 0 2 2 0 0 0 0 0 2 0 2 2 0 3 0 0 1 0 1 1 1 0 0 0 0 1 2 0 0 0 1 0 0 0 0 1 3 0 1 1 2 1 0 2 2 0 1 1 2 0 0 2 0 0 0 0 0 2 1 1 0 1 0 0 2 0 1 0 1 0 1 1 2 0 3 0 0 0 0 1 0 0 4 1 2 0 0 1 2 1
ind_207 0 1 0 0 0 0 2 0 0 0 0 3 0 0 1 0 0 0 0 0 0 1 0 1 0 0 0 1 0 0 0 0 0 0 0 0 0 0 0 0 2 0 0 0 1 2 0 0 0 0 0 0 1 0 1 0 2 0 1 0 0 0 0 0 0 0 0 0 0 3 0 1 0 0 0 2 1 0 0 0 0 0 1 1 0 0 0 0 0 0 0 0 0 2 0 3 0 1 1 0 0 0 0 0 0 0 0 0 1 1 0 0 0 0 2 0 0 0 0 0 0 1 1 1 0 0 1 0 0 0 0 2 1 1 1 0 0 0 0 0 0 0 0 0 1 0 0 1 1 0 1 0 0 0 0 0 1 1 0 0 1 0 0 1 1 0 0 0 0 0 1 0 0 0 0 1 0 0 0 0 0 0 0 0 1 0 2 1 0 0 1 0 0 0 0 1 0 0 0 0
ind_208 2 0 1 0 1 1 0 0 0 3 0 0 0 0 0 1 1 1 1 1 1 0 0 0 0 0 0 0 0 1 1 2 2 0 0 0 0 1 2 1 2 1 0 1 0 0 0 1 0 1 0 1 0 1 0 0 0 3 0 0 0 0 1 0 3 1 0 1 1 0 0 0 1 0 0 0 0 0 1 1 1 0 0 0 1 1 3 0 0 2 1 0 0 0 1 0 0 0 0 0 1 0 3 2 2 2 1 0 0 0 1 1 1 1 2 0 0 0 3 0 0 0 0 0 0 0 0 0 0 1 0 0 0 0 0 0 2 1 0 1 1 0 1 0 0 1 1 0 0 0 0 0 0 0 1 0 0 0 1 0 0 0 1 0 0 3 1 2 0 0 0 1 0 1 0 0 1 0 2 0 0 1 1 0 0 6 0 0 2 0 0 0 0 0 1 0 0 3 0 1
ind_208 0 1 0 0 0 0 2 0 0 0 0 1 1 0 0 0 1 0 0 0 0 0 0 1 3 0 0 0 0 0 0 0 0 0 3 0 1 0 0 0 0 0 0 0 0 0 2 0 0 1 1 0 0 0 1 0 0 0 2 1 0 0 0 0 0 0 2 0 0 1 0 1 0 0 1 1 0 3 1 0 0 0 0 1 0 1 0 0 0 0 0 0 0 2 0 0 1 0 0 1 0 0 0 0 0 0 0 0 0 1 1 0 0 1 0 1 0 1 0 0 0 0 1 0 0 0 2 3 1 0 0 1 1 0 2 0 0 0 0 1 2 1 0 1 0 0 0 0 0 0 0 0 3 0 0 0 0 4 0 0 1 0 0 1 1 0 0 0 0 1 0 0 1 1 0 0 0 0 0 0 0 1 1 0 0 0 2 0 0 0 1 0 0 0 0 0 0 0 1 0
ind_209 2 3 1 2 1 0 0 1 1 2 0 1 0 0 0 1 0 0 1 1 0 0 1 0 0 0 0 2 0 0 0 1 0 2 1 4 0 1 0 0 0 0 0 2 0 0 0 1 0 0 0 2 2 0 0 0 1 4 0 0 1 1 0 0 0 2 1 1 0 1 0 0 2 0 0 0 0 0 0 1 0 0 0 3 0 0 1 1 1 0 2 1 0 2 0 0 0 0 1 1 0 0 1 0 0 1 1 0 0 1 1 0 0 0 2 0 0 0 3 0 1 2 1 0 0 0 0 1 1 0 3 0 0 0 0 1 1 1 0 2 1 0 1 0 0 0 0 0 0 0 0 2 0 2 1 0 0 0 0 1 0 1 1 0 0 1 2 4 1 0 0 1 3 0 0 0 4 2 0 0 0 0 1 2 0 1 0 0 0 3 1 1 0 1 0 0 1 2 0 0
ind_209 0 0 0 0 0 1 2 0 0 0 3 0 1 0 0 0 0 0 0 0 0 2 0 0 2 1 1 0 3 1 1 0 0 0 0 0 2 0 2 1 0 0 0 0 0 0 1 0 1 1 0 0 1 0 0 1 0 0 1 0 1 0 0 0 2 0 0 0 0 1 1 0 0 1 0 1 1 1 0 0 3 0 0 0 4 1 0 1 0 0 0 0 1 0 1 1 0 0 0 0 0 1 0 0 1 0 0 1 0 0 0 0 0 0 0 1 0 2 0 0 1 0 1 0 0 2 0 0 0 0 0 1 2 1 0 0 1 0 1 1 0 1 0 1 2 0 0 0 0 0 0 0 1 0 0 0 0 1 0 0 2 0 0 0 0 0 0 0 0 0 2 0 1 1 0 1 0 0 0 0 1 0 0 0 1 0 1 0 0 0 1 0 0 1 1 1 0 0 0 0
ind_210 0 0 1 3 1 0 0 0 0 1 0 0 0 0 0 1 1 1 0 1 0 0 0 1 0 0 0 0 1 2 0 0 0 0 0 0 0 1 1 1 2 3 3 1 0 0 0 0 2 0 0 2 1 1 0 0 0 1 1 2 0 2 2 0 0 0 0 1 2 1 0 1 0 1 0 0 2 0 0 1 2 0 1 0 0 0 0 1 0 1 2 1 1 0 0 0 1 0 1 3 1 1 1 0 0 0 6 1 0 0 1 0 0 1 3 0 0 0 2 0 0 2 0 0 3 0 1 1 2 2 2 0 0 0 0 0 1 1 0 1 0 0 1 0 0 1 1 0 2 0 0 0 0 1 1 2 0 0 0 1 0 1 1 0 0 2 0 0 2 1 0 2 0 0 1 0 0 0 0 0 1 0 0 0 1 0 0 0 0 2 0 0 0 0 0 1 0 1 0 0
ind_210 0 1 0 0 0 0 1 0 0 0 0 1 1 0 0 0 0 0 0 0 4 1 0 0 1 0 1 0 0 1 1 0 0 1 0 0 0 0 0 0 1 0 0 0 1 0 0 0 0 0 1 0 0 0 1 2 0 0 1 0 0 0 0 1 3 0 0 0 0 0 1 0 0 0 0 2 1 1 2 0 0 0 1 0 0 2 0 1 0 1 0 0 0 0 1 0 0 1 0 0 1 0 0 0 2 2 0 0 1 0 0 0 0 1 0 2 2 0 0 1 0 0 1 0 0 3 0 0 0 0 0 0 0 0 0 0 0 0 0 0 0 1 0 0 1 0 0 0 0 0 0 0 2 0 0 0 3 0 0 0 1 0 0 1 2 0 0 0 0 0 1 0 0 1 0 1 0 0 0 0 0 0 0 0 0 0 2 1 0 0 1 1 0 0 0 0 0 1 1 0
