1 500000
1 1000000
1 1500000
1 2000000
1 2500000
1 3000000
1 3500000
1 4000000
1 4500000
1 5000000
1 5500000
1 6000000
1 6500000
1 7000000
1 7500000
1 8000000
1 8500000
1 9000000
1 9500000
1 10000000
1 10500000
1 11000000
1 11500000
1 12000000
1 12500000
1 13000000
1 13500000
1 14000000
1 14500000
1 15000000
1 15500000
1 16000000
1 16500000
1 17000000
1 17500000
1 18000000
1 18500000
1 19000000
1 19500000
1 20000000
1 20500000
1 21000000
1 21500000
1 22000000
1 22500000
1 23000000
1 23500000
1 24000000
1 24500000
1 25000000
1 25500000
1 26000000
1 26500000
1 27000000
1 27500000
1 28000000
1 28500000
1 29000000
1 29500000
1 30000000
1 30500000
1 31000000
1 31500000
1 32000000
1 32500000
1 33000000
1 33500000
1 34000000
1 34500000
1 35000000
1 35500000
1 36000000
1 36500000
1 37000000
1 37500000
1 38000000
1 38500000
1 39000000
1 39500000
1 40000000
1 40500000
1 41000000
1 41500000
1 42000000
1 42500000
1 43000000
1 43500000
1 44000000
1 44500000
1 45000000
1 45500000
1 46000000
1 46500000
1 47000000
1 47500000
1 48000000
1 48500000
1 49000000
1 49500000
1 50000000
1 50500000
1 51000000
1 51500000
1 52000000
1 52500000
1 53000000
1 53500000
1 54000000
1 54500000
1 55000000
1 55500000
1 56000000
1 56500000
1 57000000
1 57500000
1 58000000
1 58500000
1 59000000
1 59500000
1 60000000
1 60500000
1 61000000
1 61500000
1 62000000
1 62500000
1 63000000
1 63500000
1 64000000
1 64500000
1 65000000
1 65500000
1 66000000
1 66500000
1 67000000
1 67500000
1 68000000
1 68500000
1 69000000
1 69500000
1 70000000
1 70500000
1 71000000
1 71500000
1 72000000
1 72500000
1 73000000
1 73500000
1 74000000
1 74500000
1 75000000
1 75500000
1 76000000
1 76500000
1 77000000
1 77500000
1 78000000
1 78500000
1 79000000
1 79500000
1 80000000
1 80500000
1 81000000
1 81500000
1 82000000
1 82500000
1 83000000
1 83500000
1 84000000
1 84500000
1 85000000
1 85500000
1 86000000
1 86500000
1 87000000
1 87500000
1 88000000
1 88500000
1 89000000
1 89500000
1 90000000
1 90500000
1 91000000
1 91500000
1 92000000
1 92500000
1 93000000
1 93500000
1 94000000
1 94500000
1 95000000
1 95500000
1 96000000
1 96500000
1 97000000
1 97500000
1 98000000
1 98500000
1 99000000
1 99500000
1 100000000
2 500000
2 1000000
2 1500000
2 2000000
2 2500000
2 3000000
2 3500000
2 4000000
2 4500000
2 5000000
2 5500000
2 6000000
2 6500000
2 7000000
2 7500000
2 8000000
2 8500000
2 9000000
2 9500000
2 10000000
2 10500000
2 11000000
2 11500000
2 12000000
2 12500000
2 13000000
2 13500000
2 14000000
2 14500000
2 15000000
2 15500000
2 16000000
2 16500000
2 17000000
2 17500000
2 18000000
2 18500000
2 19000000
2 19500000
2 20000000
2 20500000
2 21000000
2 21500000
2 22000000
2 22500000
2 23000000
2 23500000
2 24000000
2 24500000
2 25000000
2 25500000
2 26000000
2 26500000
2 27000000
2 27500000
2 28000000
2 28500000
2 29000000
2 29500000
2 30000000
2 30500000
2 31000000
2 31500000
2 32000000
2 32500000
2 33000000
2 33500000
2 34000000
2 34500000
2 35000000
2 35500000
2 36000000
2 36500000
2 37000000
2 37500000
2 38000000
2 38500000
2 39000000
2 39500000
2 40000000
2 40500000
2 41000000
2 41500000
2 42000000
2 42500000
2 43000000
2 43500000
2 44000000
2 44500000
2 45000000
2 45500000
2 46000000
2 46500000
2 47000000
2 47500000
2 48000000
2 48500000
2 49000000
2 49500000
2 50000000
2 50500000
2 51000000
2 51500000
2 52000000
2 52500000
2 53000000
2 53500000
2 54000000
2 54500000
2 55000000
2 55500000
2 56000000
2 56500000
2 57000000
2 57500000
2 58000000
2 58500000
2 59000000
2 59500000
2 60000000
2 60500000
2 61000000
2 61500000
2 62000000
2 62500000
2 63000000
2 63500000
2 64000000
2 64500000
2 65000000
2 65500000
2 66000000
2 66500000
2 67000000
2 67500000
2 68000000
2 68500000
2 69000000
2 69500000
2 70000000
2 70500000
2 71000000
2 71500000
2 72000000
2 72500000
2 73000000
2 73500000
2 74000000
2 74500000
2 75000000
2 75500000
2 76000000
2 76500000
2 77000000
2 77500000
2 78000000
2 78500000
2 79000000
2 79500000
2 80000000
2 80500000
2 81000000
2 81500000
2 82000000
2 82500000
2 83000000
2 83500000
2 84000000
2 84500000
2 85000000
2 85500000
2 86000000
2 86500000
2 87000000
2 87500000
2 88000000
2 88500000
2 89000000
2 89500000
2 90000000
2 90500000
2 91000000
2 91500000
2 92000000
2 92500000
2 93000000
2 93500000
2 94000000
2 94500000
2 95000000
2 95500000
2 96000000
2 96500000
2 97000000
2 97500000
2 98000000
2 98500000
2 99000000
2 99500000
2 100000000
3 500000
3 1000000
3 1500000
3 2000000
3 2500000
3 3000000
3 3500000
3 4000000
3 4500000
3 5000000
3 5500000
3 6000000
3 6500000
3 7000000
3 7500000
3 8000000
3 8500000
3 9000000
3 9500000
3 10000000
3 10500000
3 11000000
3 11500000
3 12000000
3 12500000
3 13000000
3 13500000
3 14000000
3 14500000
3 15000000
3 15500000
3 16000000
3 16500000
3 17000000
3 17500000
3 18000000
3 18500000
3 19000000
3 19500000
3 20000000
3 20500000
3 21000000
3 21500000
3 22000000
3 22500000
3 23000000
3 23500000
3 24000000
3 24500000
3 25000000
3 25500000
3 26000000
3 26500000
3 27000000
3 27500000
3 28000000
3 28500000
3 29000000
3 29500000
3 30000000
3 30500000
3 31000000
3 31500000
3 32000000
3 32500000
3 33000000
3 33500000
3 34000000
3 34500000
3 35000000
3 35500000
3 36000000
3 36500000
3 37000000
3 37500000
3 38000000
3 38500000
3 39000000
3 39500000
3 40000000
3 40500000
3 41000000
3 41500000
3 42000000
3 42500000
3 43000000
3 43500000
3 44000000
3 44500000
3 45000000
3 45500000
3 46000000
3 46500000
3 47000000
3 47500000
3 48000000
3 48500000
3 49000000
3 49500000
3 50000000
3 50500000
3 51000000
3 51500000
3 52000000
3 52500000
3 53000000
3 53500000
3 54000000
3 54500000
3 55000000
3 55500000
3 56000000
3 56500000
3 57000000
3 57500000
3 58000000
3 58500000
3 59000000
3 59500000
3 60000000
3 60500000
3 61000000
3 61500000
3 62000000
3 62500000
3 63000000
3 63500000
3 64000000
3 64500000
3 65000000
3 65500000
3 66000000
3 66500000
3 67000000
3 67500000
3 68000000
3 68500000
3 69000000
3 69500000
3 70000000
3 70500000
3 71000000
3 71500000
3 72000000
3 72500000
3 73000000
3 73500000
3 74000000
3 74500000
3 75000000
3 75500000
3 76000000
3 76500000
3 77000000
3 77500000
3 78000000
3 78500000
3 79000000
3 79500000
3 80000000
3 80500000
3 81000000
3 81500000
3 82000000
3 82500000
3 83000000
3 83500000
3 84000000
3 84500000
3 85000000
3 85500000
3 86000000
3 86500000
3 87000000
3 87500000
3 88000000
3 88500000
3 89000000
3 89500000
3 90000000
3 90500000
3 91000000
3 91500000
3 92000000
3 92500000
3 93000000
3 93500000
3 94000000
3 94500000
3 95000000
3 95500000
3 96000000
3 96500000
3 97000000
3 97500000
3 98000000
3 98500000
3 99000000
3 99500000
3 100000000
4 500000
4 1000000
4 1500000
4 2000000
4 2500000
4 3000000
4 3500000
4 4000000
4 4500000
4 5000000
4 5500000
4 6000000
4 6500000
4 7000000
4 7500000
4 8000000
4 8500000
4 9000000
4 9500000
4 10000000
4 10500000
4 11000000
4 11500000
4 12000000
4 12500000
4 13000000
4 13500000
4 14000000
4 14500000
4 15000000
4 15500000
4 16000000
4 16500000
4 17000000
4 17500000
4 18000000
4 18500000
4 19000000
4 19500000
4 20000000
4 20500000
4 21000000
4 21500000
4 22000000
4 22500000
4 23000000
4 23500000
4 24000000
4 24500000
4 25000000
4 25500000
4 26000000
4 26500000
4 27000000
4 27500000
4 28000000
4 28500000
4 29000000
4 29500000
4 30000000
4 30500000
4 31000000
4 31500000
4 32000000
4 32500000
4 33000000
4 33500000
4 34000000
4 34500000
4 35000000
4 35500000
4 36000000
4 36500000
4 37000000
4 37500000
4 38000000
4 38500000
4 39000000
4 39500000
4 40000000
4 40500000
4 41000000
4 41500000
4 42000000
4 42500000
4 43000000
4 43500000
4 44000000
4 44500000
4 45000000
4 45500000
4 46000000
4 46500000
4 47000000
4 47500000
4 48000000
4 48500000
4 49000000
4 49500000
4 50000000
4 50500000
4 51000000
4 51500000
4 52000000
4 52500000
4 53000000
4 53500000
4 54000000
4 54500000
4 55000000
4 55500000
4 56000000
4 56500000
4 57000000
4 57500000
4 58000000
4 58500000
4 59000000
4 59500000
4 60000000
4 60500000
4 61000000
4 61500000
4 62000000
4 62500000
4 63000000
4 63500000
4 64000000
4 64500000
4 65000000
4 65500000
4 66000000
4 66500000
4 67000000
4 67500000
4 68000000
4 68500000
4 69000000
4 69500000
4 70000000
4 70500000
4 71000000
4 71500000
4 72000000
4 72500000
4 73000000
4 73500000
4 74000000
4 74500000
4 75000000
4 75500000
4 76000000
4 76500000
4 77000000
4 77500000
4 78000000
4 78500000
4 79000000
4 79500000
4 80000000
4 80500000
4 81000000
4 81500000
4 82000000
4 82500000
4 83000000
4 83500000
4 84000000
4 84500000
4 85000000
4 85500000
4 86000000
4 86500000
4 87000000
4 87500000
4 88000000
4 88500000
4 89000000
4 89500000
4 90000000
4 90500000
4 91000000
4 91500000
4 92000000
4 92500000
4 93000000
4 93500000
4 94000000
4 94500000
4 95000000
4 95500000
4 96000000
4 96500000
4 97000000
4 97500000
4 98000000
4 98500000
4 99000000
4 99500000
4 100000000
5 500000
5 1000000
5 1500000
5 2000000
5 2500000
5 3000000
5 3500000
5 4000000
5 4500000
5 5000000
5 5500000
5 6000000
5 6500000
5 7000000
5 7500000
5 8000000
5 8500000
5 9000000
5 9500000
5 10000000
5 10500000
5 11000000
5 11500000
5 12000000
5 12500000
5 13000000
5 13500000
5 14000000
5 14500000
5 15000000
5 15500000
5 16000000
5 16500000
5 17000000
5 17500000
5 18000000
5 18500000
5 19000000
5 19500000
5 20000000
5 20500000
5 21000000
5 21500000
5 22000000
5 22500000
5 23000000
5 23500000
5 24000000
5 24500000
5 25000000
5 25500000
5 26000000
5 26500000
5 27000000
5 27500000
5 28000000
5 28500000
5 29000000
5 29500000
5 30000000
5 30500000
5 31000000
5 31500000
5 32000000
5 32500000
5 33000000
5 33500000
5 34000000
5 34500000
5 35000000
5 35500000
5 36000000
5 36500000
5 37000000
5 37500000
5 38000000
5 38500000
5 39000000
5 39500000
5 40000000
5 40500000
5 41000000
5 41500000
5 42000000
5 42500000
5 43000000
5 43500000
5 44000000
5 44500000
5 45000000
5 45500000
5 46000000
5 46500000
5 47000000
5 47500000
5 48000000
5 48500000
5 49000000
5 49500000
5 50000000
5 50500000
5 51000000
5 51500000
5 52000000
5 52500000
5 53000000
5 53500000
5 54000000
5 54500000
5 55000000
5 55500000
5 56000000
5 56500000
5 57000000
5 57500000
5 58000000
5 58500000
5 59000000
5 59500000
5 60000000
5 60500000
5 61000000
5 61500000
5 62000000
5 62500000
5 63000000
5 63500000
5 64000000
5 64500000
5 65000000
5 65500000
5 66000000
5 66500000
5 67000000
5 67500000
5 68000000
5 68500000
5 69000000
5 69500000
5 70000000
5 70500000
5 71000000
5 71500000
5 72000000
5 72500000
5 73000000
5 73500000
5 74000000
5 74500000
5 75000000
5 75500000
5 76000000
5 76500000
5 77000000
5 77500000
5 78000000
5 78500000
5 79000000
5 79500000
5 80000000
5 80500000
5 81000000
5 81500000
5 82000000
5 82500000
5 83000000
5 83500000
5 84000000
5 84500000
5 85000000
5 85500000
5 86000000
5 86500000
5 87000000
5 87500000
5 88000000
5 88500000
5 89000000
5 89500000
5 90000000
5 90500000
5 91000000
5 91500000
5 92000000
5 92500000
5 93000000
5 93500000
5 94000000
5 94500000
5 95000000
5 95500000
5 96000000
5 96500000
5 97000000
5 97500000
5 98000000
5 98500000
5 99000000
5 99500000
5 100000000
