101 0 0
102 0 0
103 101 102
104 101 102
105 101 102
106 101 102
107 101 102
108 101 102
109 101 102
110 101 102
111 101 102
112 101 102
113 101 102
114 101 102
115 101 102
116 101 102
117 101 102
118 101 102
119 101 102
120 101 102
121 101 102
122 101 102
123 101 102
124 101 102
125 101 102
126 101 102
127 101 102
128 101 102
129 101 102
130 101 102
131 101 102
132 101 102
133 101 102
134 101 102
135 101 102
136 101 102
137 101 102
138 101 102
139 101 102
140 101 102
141 101 102
142 101 102
143 101 102
144 101 102
145 101 102
146 101 102
147 101 102
148 101 102
149 101 102
150 101 102
151 101 102
152 101 102
153 101 102
154 101 102
155 101 102
156 101 102
157 101 102
158 101 102
159 101 102
160 101 102
161 101 102
162 101 102
163 101 102
164 101 102
165 101 102
166 101 102
167 101 102
168 101 102
169 101 102
170 101 102
171 101 102
172 101 102
173 101 102
174 101 102
175 101 102
176 101 102
177 101 102
178 101 102
179 101 102
180 101 102
181 101 102
182 101 102
183 101 102
184 101 102
185 101 102
186 101 102
187 101 102
188 101 102
189 101 102
190 101 102
191 101 102
192 101 102
193 101 102
194 101 102
195 101 102
196 101 102
197 101 102
198 101 102
199 101 102
200 101 102
201 101 102
202 101 102
